           0
           0
           0
           0
           0
 8.00619e-07
 0.000173233
-8.64917e-15
 3.59231e-23
-4.44639e-12
-1.42393e-06
-6.17131e-05
-1.17343e-15
 3.90625e-24
-1.95313e-14
 2.81865e-06
 0.000207254
-8.74898e-15
 7.68293e-22
 5.45417e-12
-1.40078e-06
-0.000103674
-3.66522e-15
 2.73438e-24
 1.95313e-14
 6.53628e-06
-0.000109299
  1.1555e-14
 6.00715e-22
 2.62359e-12
-1.35157e-06
-9.50248e-05
-1.88107e-15
 -7.8125e-24
 5.85937e-14
 1.11704e-05
-9.31437e-05
 1.34556e-14
-2.85486e-23
-3.90361e-12
-1.27701e-06
-5.18012e-05
 2.96617e-15
 5.07812e-24
 1.95312e-14
 1.50566e-05
 0.000276955
-5.76891e-15
-1.72914e-22
-5.13612e-13
-1.15567e-06
-4.30647e-05
 3.92574e-15
-5.27344e-24
-2.53906e-14
  2.0697e-05
 0.000179949
 1.94354e-15
 2.97732e-22
 2.17435e-12
-9.50576e-07
-4.38632e-05
 1.69892e-15
 8.00781e-24
 3.90628e-16
 3.12457e-05
 -0.00024846
 2.59124e-14
 3.27036e-22
 2.39581e-13
-6.34648e-07
-1.41475e-05
 1.69117e-15
 2.08984e-23
 2.34375e-15
 4.71953e-05
-0.000115164
  1.2331e-14
 9.63567e-23
-3.46311e-13
-1.92748e-07
 2.07217e-05
 2.99429e-15
-5.40039e-23
-3.90625e-15
 6.80789e-05
 0.000237864
-1.19383e-14
 1.34708e-24
 2.93008e-13
 3.73956e-07
   2.934e-05
  1.3079e-15
 4.42383e-23
 2.92969e-15
 9.19237e-05
 9.75969e-06
 1.35368e-15
-1.40581e-22
 1.43835e-13
 1.03984e-06
 1.28418e-05
-1.97988e-15
 -4.4043e-23
-9.76565e-16
 0.000115852
-0.000292855
 1.69583e-14
-5.27768e-23
-1.21952e-12
 1.75358e-06
-1.00728e-05
-2.64379e-15
 6.74805e-23
-3.90625e-15
 0.000137455
-2.91889e-05
 5.41849e-16
 1.98295e-22
-2.94516e-12
 2.44348e-06
-1.62857e-05
-1.08899e-15
 -4.0625e-23
-3.90625e-15
 0.000154592
 0.000254377
-1.21381e-14
-2.90122e-23
-9.30986e-13
 3.03011e-06
  3.7567e-06
 4.27679e-16
-1.11328e-24
 1.95312e-15
 0.000166218
 3.23868e-05
 5.11074e-15
 3.59857e-22
 8.59887e-12
 3.44503e-06
 1.99733e-05
 1.53567e-15
-1.30859e-24
 1.75781e-15
 0.000172287
-0.000230565
 2.16644e-14
 9.20196e-22
 4.23953e-12
  3.6507e-06
-7.97102e-06
 8.44354e-16
 3.63281e-23
-2.14844e-15
 0.000173732
-7.26163e-05
 9.10995e-15
-1.09842e-22
-1.73057e-11
 3.64832e-06
-3.59452e-05
-1.09532e-15
-3.85547e-23
 1.36719e-15
 0.000171749
 0.000157318
-9.47209e-15
 4.51977e-22
-5.04559e-12
 3.47587e-06
 1.10663e-05
-1.29376e-17
 2.10156e-23
-6.44531e-15
 0.000167931
 6.01702e-05
-2.83059e-15
 2.62206e-21
 2.35579e-11
 3.20059e-06
 5.61557e-05
 1.80825e-15
-1.36719e-23
-5.85937e-15
 0.000163052
-0.000112292
 1.17294e-14
 1.72948e-21
 2.22138e-12
  2.9061e-06
 -8.0978e-06
-1.23857e-15
 7.22655e-25
 9.76562e-15
 0.000157941
-8.19982e-05
 9.08853e-15
 5.75324e-22
 -2.3161e-11
 2.66238e-06
-6.75676e-05
-3.16374e-15
-1.25586e-23
-2.63672e-15
 0.000152737
-2.28492e-06
 3.22571e-15
 2.15604e-21
 1.63585e-12
 2.50196e-06
-9.33306e-07
 1.70979e-15
 5.13086e-23
-2.92968e-16
 0.000147452
  5.5521e-05
 2.51078e-15
 2.60833e-21
 1.76201e-11
 2.42139e-06
 6.31975e-05
 4.04252e-15
-4.38086e-23
 3.90625e-15
 0.000142284
 0.000104463
-1.81116e-15
 3.96298e-22
-2.92336e-12
  2.3914e-06
 1.76578e-05
-9.45148e-16
  4.6875e-24
 9.76563e-16
 0.000136933
-5.15835e-05
 3.15788e-15
-4.71175e-22
 -8.1196e-12
 2.36584e-06
 -3.8242e-05
-3.56224e-15
-3.71094e-24
 3.90625e-15
 0.000131807
-0.000244954
 1.61955e-14
 4.44561e-22
 9.05284e-13
 2.29426e-06
-3.52943e-05
 -4.6719e-16
 1.26953e-23
 1.95313e-15
 0.000126745
-2.96208e-05
 7.20522e-15
 4.26902e-22
-2.45738e-12
 2.14435e-06
-2.83302e-06
 1.90791e-15
-3.84766e-23
-5.85938e-15
 0.000121894
 0.000265568
-1.00712e-14
 2.05193e-22
 6.42017e-13
 1.91155e-06
 4.18434e-05
 1.77574e-15
 2.55859e-23
 1.95313e-15
 0.000117555
 7.50212e-05
 1.55774e-16
 7.99703e-22
 7.43855e-12
 1.61816e-06
 5.09495e-05
 5.23433e-16
 5.01953e-24
-1.95313e-15
  0.00011361
-0.000211177
 1.53201e-14
 1.05954e-21
  5.6164e-13
 1.30751e-06
-1.61253e-05
-1.70665e-15
-8.39844e-25
-8.47033e-22
 0.000110648
-0.000138852
 8.74387e-15
 5.65383e-22
-5.37379e-12
 1.02311e-06
-7.55491e-05
-2.38808e-15
 2.30469e-23
 5.85938e-15
 0.000108959
-2.61283e-05
  2.8395e-15
 1.03703e-21
 -1.8018e-12
 7.95132e-07
 -3.6951e-05
   2.509e-16
  9.0625e-24
 3.90625e-15
 0.000108382
 2.90942e-05
 2.82612e-15
 9.85509e-22
 1.82856e-12
  6.3777e-07
 4.76434e-05
  2.7211e-15
-1.22266e-23
 3.90625e-15
 0.000109188
 0.000202905
-4.65681e-15
 2.42195e-22
 1.54378e-12
 5.49103e-07
 7.90888e-05
 1.61148e-15
-2.53906e-23
-1.95312e-15
 0.000110543
 0.000142884
  3.6276e-16
 3.18934e-22
 2.36755e-13
 5.17842e-07
 4.22392e-05
-8.09519e-16
 3.90624e-25
 1.36719e-14
 0.000111628
-0.000224963
 1.77526e-14
 5.22395e-22
 9.43596e-14
 5.22967e-07
-2.42213e-05
-1.16228e-15
-2.51953e-23
-1.17188e-14
 0.000111936
-0.000307566
 1.19008e-14
 4.65498e-22
 -5.5244e-13
 5.32879e-07
-8.89085e-05
-9.92805e-16
 5.44336e-23
 5.85939e-15
 0.000111514
-9.55503e-05
 -3.9056e-15
 5.83609e-22
-2.36282e-12
 5.17495e-07
-0.000102122
-1.49413e-15
-5.86914e-23
-6.77626e-21
 0.000109078
   9.453e-06
 2.52112e-15
 2.33604e-21
-1.33469e-12
 4.63553e-07
-1.51058e-05
 3.85439e-16
 1.26953e-23
-1.42578e-14
 0.000104224
 0.000184711
  6.8342e-15
 2.18314e-21
 1.16554e-12
 3.68738e-07
 0.000120249
 3.05004e-15
 1.58594e-23
 1.50391e-14
 9.83173e-05
 0.000399623
-3.21421e-15
 3.40283e-22
 1.09669e-12
 2.35268e-07
 0.000193602
 1.23689e-15
-3.83398e-23
 -9.7656e-15
 9.31696e-05
 0.000189165
 2.20546e-15
 3.23987e-22
 3.26065e-14
 6.91315e-08
 0.000173604
-1.98964e-15
 6.63477e-23
 3.90625e-14
 9.12025e-05
-0.000175415
 1.20353e-14
 1.45555e-21
-3.58372e-13
-1.23769e-07
  8.7104e-05
-1.64577e-15
    -2.5e-23
 1.95313e-14
 9.13839e-05
-0.000233189
  2.9827e-15
 2.10624e-21
 4.86216e-13
 -3.2462e-07
 -3.7752e-05
-1.08544e-15
-3.49609e-23
 7.22656e-14
 9.14602e-05
-0.000284164
 4.50214e-16
 1.20246e-21
 1.24339e-12
-4.98853e-07
-0.000147314
-2.19638e-15
   3.125e-24
 1.36719e-14
 8.83313e-05
-0.000392463
 7.38609e-15
 6.60892e-22
 -8.9657e-13
-5.98898e-07
-0.000222001
-1.39743e-15
 3.23047e-23
-1.95313e-14
 8.68819e-05
-0.000237574
-1.07605e-15
 9.78472e-22
-8.90914e-13
-6.28175e-07
-0.000308812
 7.66366e-16
-1.30078e-23
-9.76565e-14
 9.74466e-05
-9.04516e-05
-5.49845e-15
  5.4892e-22
 2.27535e-12
-6.58339e-07
-0.000402938
 1.68832e-15
 3.82813e-23
 -2.1684e-19
 0.000112008
-0.000135483
 5.60573e-15
 4.63304e-22
 1.70445e-12
-6.58365e-07
-0.000438376
 2.40024e-15
-2.38281e-23
 1.95313e-13
 0.000124648
 8.02795e-05
-2.47372e-15
 4.98407e-21
-1.72549e-10
-5.42502e-07
-0.000420669
 3.43472e-15
-3.90625e-24
 1.95313e-13
           0
           0
           0
           0
           0