-2.02581e-06
-9.24626e-07
 -3.1417e-27
 1.33559e-05
-3.36786e-05
-4.94519e-26
 1.29062e-25
 -1.2684e-05
          -0
          -0
-2.74245e-06
-1.78462e-06
-2.58396e-27
 1.62315e-05
 1.47036e-05
 4.90129e-26
 1.29069e-25
-1.19914e-05
 6.40677e-29
 1.14881e-05
-4.54429e-06
 5.19893e-06
 1.06378e-26
 4.63556e-05
 1.07802e-05
-1.50588e-26
 1.30311e-25
 -1.1536e-05
 2.06411e-26
-3.93198e-06
-9.16669e-06
-5.59914e-06
 4.34747e-27
  0.00014572
-1.02305e-05
 8.76365e-27
 1.32521e-25
-1.20301e-05
 1.61579e-26
-4.26507e-06
-1.43045e-05
 6.64103e-06
 1.41227e-26
 0.000263197
-5.85375e-06
 -1.9812e-26
 1.34047e-25
-1.19601e-05
 9.26869e-27
  5.4646e-06
 -1.3457e-05
-3.54696e-07
  7.7777e-27
 0.000208163
 1.45826e-05
 1.04695e-26
 1.34818e-25
-1.16188e-05
   3.646e-27
 1.86065e-07
-6.24026e-06
-2.36678e-06
 1.73354e-26
-4.08682e-05
-7.79308e-06
 3.75092e-26
 1.36972e-25
-1.18456e-05
 3.21912e-26
-3.92148e-06
-2.09149e-06
 5.43925e-06
 1.04488e-26
-0.000178978
-1.04571e-05
-5.87082e-26
 1.40055e-25
-1.16498e-05
 1.92774e-26
  7.1129e-06
-3.95322e-06
-2.86664e-06
  1.8569e-27
-0.000114801
 2.70314e-05
 5.14874e-26
 1.42107e-25
-1.13974e-05
 1.48699e-26
-2.90358e-06
-4.33003e-06
 2.46229e-06
 1.70857e-26
-8.74995e-05
 -3.0908e-05
-1.52244e-26
 1.45178e-25
-1.16097e-05
 3.63622e-26
-5.63036e-07
-2.77578e-06
 3.36751e-06
  2.9785e-27
  -0.0001062
   2.222e-05
 2.45732e-26
 1.49882e-25
 -1.1363e-05
 4.19761e-26
 4.69033e-06
-2.39825e-06
-2.72411e-06
-2.15496e-27
-8.07946e-05
-1.33819e-05
 -5.8867e-27
 1.55595e-25
-1.11171e-05
  5.3239e-26
-6.51324e-07
-1.72733e-06
 2.79656e-06
-1.07584e-26
-6.14496e-05
 7.80992e-06
 1.25851e-27
 1.61807e-25
-1.09968e-05
 5.03155e-26
 2.71651e-06
-9.86065e-07
 2.50458e-06
-4.28629e-27
-4.53844e-05
 5.17712e-06
 2.64143e-26
 1.68829e-25
-1.11413e-05
 6.66998e-26
-5.12775e-06
-5.41616e-07
-1.62796e-06
-1.29466e-26
-2.06428e-05
-3.34173e-05
-1.34813e-26
 1.77304e-25
-1.07305e-05
 7.45993e-26
 1.19239e-05
-8.82581e-08
 4.78882e-06
-2.57423e-26
 2.58677e-06
  6.5416e-05
 1.13898e-26
 1.86181e-25
-1.04615e-05
 7.33453e-26
-7.39038e-06
 1.21593e-07
-1.79773e-06
-1.74833e-26
 2.24915e-05
 -8.0315e-05
-9.48156e-27
 1.95025e-25
-1.08074e-05
 7.40448e-26
 1.59561e-06
 2.47335e-07
 2.25798e-06
-2.15573e-26
 4.01146e-05
 6.49606e-05
 1.83347e-26
 2.04251e-25
-1.00596e-05
 7.97021e-26
 1.08703e-05
  1.4245e-07
 3.24318e-06
-1.27864e-26
 5.80003e-05
-2.25742e-05
-4.46372e-26
 2.12847e-25
-1.02908e-05
 6.35219e-26
-1.47123e-05
 -6.6582e-08
-1.42413e-06
-1.67233e-26
 6.93798e-05
-2.83016e-05
 2.87146e-26
 2.19882e-25
-1.02151e-05
 5.37591e-26
 1.59822e-05
-3.52386e-07
 4.19977e-06
 1.62287e-27
 7.62791e-05
 6.39415e-05
-4.13976e-26
  2.2589e-25
-9.58777e-06
 4.63461e-26
-5.51204e-06
-8.34272e-07
-1.13826e-06
 1.90205e-26
 7.94441e-05
-7.51047e-05
-6.29593e-27
 2.29703e-25
-9.84057e-06
 1.72767e-26
 1.21288e-06
-1.27443e-06
  4.1064e-06
 2.94134e-26
 7.78589e-05
 6.82543e-05
-6.01285e-27
 2.31339e-25
-9.45202e-06
 9.92278e-27
 5.35115e-06
-1.73273e-06
 5.67363e-07
 6.28149e-26
 7.20081e-05
-4.92292e-05
-7.68626e-26
 2.29522e-25
-9.49832e-06
-4.01772e-26
-6.12581e-06
-2.13927e-06
 7.26084e-07
 7.96039e-26
 6.24315e-05
 1.82004e-05
 6.05277e-26
 2.24112e-25
-9.10584e-06
  -4.998e-26
 1.25815e-05
-2.43464e-06
 3.21845e-06
 1.17384e-25
 4.90764e-05
 1.73859e-05
-1.20605e-25
 2.15942e-25
-8.88569e-06
-8.61611e-26
-8.86608e-06
-2.65906e-06
-3.75593e-07
 1.54942e-25
 3.12956e-05
-4.05534e-05
 2.55227e-26
 2.02153e-25
-9.11127e-06
-1.43656e-25
 5.09083e-06
 -2.6693e-06
 5.03503e-06
 1.90528e-25
 1.29828e-05
 3.88904e-05
-2.95006e-26
 1.84786e-25
-8.44219e-06
-1.45872e-25
 6.09702e-06
 -2.5948e-06
-1.28416e-06
 2.24962e-25
-4.77031e-06
-1.94201e-05
-4.02236e-26
 1.64755e-25
-8.41338e-06
-1.87912e-25
-5.63429e-06
-2.38239e-06
 3.12646e-06
 2.46831e-25
-2.50571e-05
  1.4361e-06
-7.60091e-27
 1.40476e-25
-8.43758e-06
-2.16784e-25
 5.19778e-06
-1.95833e-06
 1.65367e-06
 3.00924e-25
-4.49606e-05
-1.25564e-06
-9.89406e-26
  1.1062e-25
-7.82206e-06
-2.80793e-25
 5.08909e-06
-1.48978e-06
  1.5212e-06
 3.37617e-25
 -6.0559e-05
 1.68096e-05
 1.25565e-25
 7.78878e-26
-7.77339e-06
-2.64783e-25
-4.27377e-06
-9.60154e-07
 4.40047e-06
 3.49562e-25
-7.36069e-05
-3.02521e-05
-1.64773e-25
 4.46961e-26
-7.80178e-06
-2.88391e-25
 3.81526e-06
-3.91935e-07
-2.66082e-06
   3.771e-25
-8.38661e-05
 2.59956e-05
 8.84759e-26
  7.3391e-27
 -7.1882e-06
-3.34204e-25
 6.38025e-06
 1.29323e-07
 6.25778e-06
 3.98437e-25
-8.96344e-05
-5.96345e-06
-2.70235e-26
-3.05428e-26
-7.14407e-06
-2.97198e-25
-5.67468e-06
 6.01272e-07
 6.84279e-07
 4.09909e-25
-8.96281e-05
-1.71067e-05
 -8.9426e-26
-7.04131e-26
-6.99629e-06
-3.67226e-25
 8.20389e-06
 9.29641e-07
 4.81509e-07
 4.10287e-25
-8.29586e-05
 3.29085e-05
 1.70392e-25
 -1.1155e-25
 -6.5821e-06
-3.18455e-25
-1.29774e-06
 1.11187e-06
 5.40197e-06
 4.02868e-25
-7.21177e-05
-4.19746e-05
-1.66544e-25
-1.49624e-25
-6.40759e-06
-3.16084e-25
  4.1505e-06
 1.12875e-06
-2.20733e-06
 3.97611e-25
 -5.8258e-05
 4.59796e-05
 1.56837e-25
-1.87903e-25
-6.05656e-06
-3.21872e-25
  1.7474e-06
 9.10122e-07
 6.33239e-06
 3.70926e-25
-4.11501e-05
-3.68657e-05
-7.81853e-26
-2.23688e-25
-6.17664e-06
-2.74564e-25
-3.73589e-06
  5.5784e-07
-6.82271e-08
 3.35994e-25
-2.02757e-05
 9.43508e-06
 4.77139e-26
 -2.5773e-25
-5.63454e-06
-2.92821e-25
 1.27539e-05
 1.06438e-07
 4.95846e-07
 2.99323e-25
  5.4739e-06
 2.52911e-05
 8.74745e-26
-2.87989e-25
-5.35593e-06
-2.11534e-25
-8.11368e-06
-3.92968e-07
  6.2414e-06
 2.45153e-25
 3.47822e-05
-4.73682e-05
-9.01639e-26
-3.13473e-25
-5.53135e-06
-2.13143e-25
 5.14699e-06
-1.00241e-06
-3.48077e-06
 1.94911e-25
 6.47097e-05
 5.03491e-05
 1.73416e-25
-3.36045e-25
-5.02315e-06
-1.63112e-25
 3.36145e-06
-1.92298e-06
 5.75913e-06
 1.36441e-25
 8.98256e-05
 -3.9448e-05
-9.74333e-26
 -3.5288e-25
-5.00926e-06
-1.17459e-25
-3.19114e-06
-3.19297e-06
 1.46665e-06
 6.00681e-26
 0.000102415
 2.65696e-05
  1.2928e-25
-3.65833e-25
-4.93389e-06
-9.83553e-26
 4.54567e-06
-4.74426e-06
-1.38405e-06
-1.45906e-26
 9.77677e-05
-1.57332e-05
 -4.4467e-26
-3.74574e-25
-4.77911e-06
-4.74291e-26
-1.96325e-06
-6.30163e-06
 6.49651e-06
-8.23531e-26
 7.65631e-05
 8.74853e-06
  7.0746e-26
-3.79324e-25
-4.76215e-06
-3.16707e-26
 2.23055e-06
-7.46589e-06
-4.46838e-06
-1.56712e-25
 4.20755e-05
-2.51686e-06
-8.98799e-27
-3.80903e-25
 -4.7174e-06
 5.39544e-27
-1.51038e-06
-7.90518e-06
 7.77345e-06
-2.46574e-25
          -0
          -0
          -0
-3.80577e-25
-4.80442e-06
          -0
          -0