 3.08653e-07
-1.69501e-06
-2.22787e-47
  -0.0082954
-6.45634e-05
-4.28386e-44
 1.11886e-46
 -7.8225e-06
          -0
          -0
 0.000265121
-1.18995e-06
-3.82081e-46
 -0.00872823
 2.51975e-05
 1.87413e-44
-7.79276e-46
-6.41635e-06
-1.48444e-44
 2.33192e-05
 6.62726e-05
 -3.0998e-06
 -5.1249e-46
 -0.00259973
 3.39497e-05
 1.04699e-44
-1.51175e-45
-5.64882e-06
 2.47821e-45
-1.23269e-05
-5.45512e-05
 5.14978e-06
 2.25907e-45
  0.00127102
-7.13725e-05
-1.12108e-44
-1.26463e-45
-5.85551e-06
 1.98198e-45
 1.01404e-05
 8.41485e-06
 -3.4611e-06
-1.30622e-45
-0.000370156
  7.3844e-05
-9.16281e-45
-1.74904e-45
-4.81169e-06
 -1.0297e-44
 8.64818e-06
-6.91152e-06
 2.44855e-06
-1.56969e-46
 0.000598157
 -5.4136e-05
 8.17313e-45
-3.01458e-45
-4.44107e-06
-1.08787e-44
-3.17941e-06
 6.97098e-06
-7.07996e-07
 2.33865e-45
 0.000787556
 3.19182e-05
 4.73059e-44
-2.31271e-45
-3.94303e-06
 2.24599e-44
 1.01551e-05
 1.38353e-05
-3.18498e-07
-4.31048e-46
  0.00121983
-1.17898e-05
-8.00015e-44
-8.08153e-46
-3.49825e-06
 2.73268e-45
-1.92546e-06
 2.24895e-05
  1.5405e-06
 1.49561e-45
   0.0015345
-2.38901e-06
   1.188e-43
 9.11836e-46
-3.27944e-06
 2.58338e-44
 6.56387e-06
 2.93902e-05
-1.20303e-06
-2.01796e-45
  0.00176417
 1.08668e-05
-8.81194e-44
 5.09347e-45
-2.82005e-06
 4.37768e-44
 1.48438e-06
 3.36787e-05
 1.61509e-06
   8.983e-45
  0.00184875
-1.22439e-05
 1.42155e-43
 1.22728e-44
-2.63083e-06
 7.57949e-44
 2.30253e-06
 3.50817e-05
-1.17201e-06
-1.01841e-44
  0.00179168
 1.36972e-05
-1.59952e-43
 2.07043e-44
-2.35084e-06
 6.45646e-44
 1.41397e-06
 3.40515e-05
 1.62361e-06
 2.02407e-44
  0.00158764
-9.12614e-06
 2.00843e-43
 2.97569e-44
 -2.2007e-06
 8.83121e-44
 -1.3283e-06
 3.09283e-05
-7.52525e-07
-4.26623e-45
  0.00126559
 1.44861e-07
-1.36486e-43
 4.26318e-44
-2.02642e-06
 1.25768e-43
 4.05793e-06
 2.63671e-05
 9.05962e-07
 1.50883e-44
  0.00086565
 4.23611e-06
-1.95039e-44
 5.21754e-44
-1.81036e-06
 3.24588e-44
 1.41812e-06
 2.11173e-05
-4.12272e-07
 1.62711e-45
 0.000410601
-1.70575e-06
 6.95612e-44
 5.79459e-44
-1.73271e-06
 6.12171e-44
-9.88963e-08
 1.56441e-05
 7.28156e-07
 2.38209e-44
-4.88772e-05
-2.42581e-06
-3.37754e-43
 5.58251e-44
-1.59426e-06
-9.90639e-44
 2.38977e-06
 1.04357e-05
-3.62024e-07
-3.52032e-45
-0.000494599
 5.19368e-06
  3.8818e-43
 4.58196e-44
-1.51522e-06
-6.85287e-44
 7.10835e-07
 5.72687e-06
 5.99621e-07
-1.25678e-44
-0.000886686
-6.20979e-06
-9.65936e-43
 1.54974e-44
-1.36757e-06
-4.16258e-43
 1.34158e-06
 1.67992e-06
-4.61912e-07
 3.12793e-44
 -0.00120313
 9.40476e-06
  9.4097e-43
-3.45647e-44
-1.32444e-06
-4.32527e-43
-5.81057e-07
-1.84251e-06
 4.53536e-07
-5.83935e-44
 -0.00143036
-1.21541e-05
-1.44745e-42
-1.04464e-43
-1.23331e-06
-7.38302e-43
 1.07488e-06
-4.88679e-06
 -4.8101e-08
 4.16019e-44
 -0.00154655
 1.37486e-05
 1.25957e-42
-2.00119e-43
-1.18139e-06
-8.54273e-43
 1.23858e-07
-7.41213e-06
-1.63376e-07
-9.68201e-44
 -0.00155936
-1.53159e-05
-1.61596e-42
-3.15934e-43
-1.08006e-06
-1.07431e-42
 1.05657e-06
-9.37763e-06
 3.08502e-07
 9.89932e-44
 -0.00145116
 1.59126e-05
 1.50751e-42
-4.49706e-43
-1.05436e-06
-1.14273e-42
 6.88453e-07
-1.12235e-05
-3.75206e-07
-1.30157e-43
 -0.00124265
-1.51937e-05
-1.16039e-42
-5.73442e-43
-9.93522e-07
-9.36208e-43
 2.58876e-07
-1.31197e-05
 5.24206e-07
 1.21551e-43
-0.000941971
 1.37778e-05
 9.66876e-43
-6.93532e-43
-9.40397e-07
-1.07362e-42
 1.11822e-06
-1.48812e-05
-5.62686e-07
-5.89945e-44
-0.000568016
-8.42967e-06
 8.36737e-43
-7.56565e-43
-8.79891e-07
 3.13991e-44
-2.10145e-06
 -1.6643e-05
 6.03363e-07
 9.01976e-44
-0.000159898
 8.93416e-07
-7.71237e-43
-7.53145e-43
-8.69945e-07
 5.89318e-44
 2.43305e-06
-1.83911e-05
-5.42679e-07
 2.99925e-44
  0.00027588
 5.40238e-06
 3.83927e-42
-6.35643e-43
-7.91285e-07
 1.90194e-42
-1.34706e-06
-1.97908e-05
 5.84576e-07
 6.70291e-44
 0.000690971
-9.76958e-06
-2.52039e-42
-3.68956e-43
-7.85085e-07
 2.68701e-42
 1.27455e-06
-2.12232e-05
-5.82214e-07
-1.47405e-44
  0.00105704
 1.17262e-05
 5.53228e-42
 8.04353e-44
-7.17292e-07
 4.48618e-42
 1.00338e-07
-2.17529e-05
 6.11664e-07
-1.28028e-43
   0.0013569
-1.11675e-05
-1.78747e-42
 7.40078e-43
-7.19757e-07
  6.6912e-42
-2.37259e-07
-2.11169e-05
-4.94941e-07
-2.34553e-43
  0.00155438
 8.56386e-06
 3.74712e-42
 1.61298e-42
 -6.5397e-07
 7.82378e-42
 1.32538e-06
-1.96968e-05
 3.18288e-07
-6.73659e-43
  0.00164791
-4.73213e-06
 1.90907e-43
 2.69123e-42
-6.40904e-07
 1.01639e-41
-9.74274e-07
 -1.7146e-05
-1.69492e-07
-8.87459e-43
  0.00162285
 1.39439e-06
 4.46936e-43
 3.92849e-42
-6.21798e-07
 1.05071e-41
 1.02687e-06
-1.31926e-05
  4.7395e-08
-1.46154e-42
  0.00147769
 1.01971e-07
 7.87693e-44
 5.19898e-42
-5.73065e-07
 1.08095e-41
 1.29503e-07
-8.07202e-06
-1.19551e-07
-1.53688e-42
  0.00123295
 3.30997e-07
-3.16214e-42
 6.38531e-42
-5.67058e-07
 8.94603e-42
-1.32713e-07
 -1.8075e-06
 4.51335e-08
 -1.8948e-42
 0.000898374
 -1.2587e-06
 -2.0714e-42
 7.27493e-42
-5.41832e-07
 5.82263e-42
 4.24802e-07
 5.32568e-06
-1.32945e-07
-1.51785e-42
 0.000489382
  1.5987e-06
-7.36284e-42
 7.63737e-42
-5.14165e-07
  1.5136e-43
  2.1966e-07
 1.33065e-05
-3.74093e-08
-1.01933e-42
 7.17246e-06
 -1.1769e-06
-5.43719e-42
 7.19943e-42
-4.92172e-07
-7.50876e-42
-3.14565e-08
 2.25688e-05
-9.13897e-08
 7.61881e-44
-0.000522412
 9.07455e-07
-8.98429e-42
 5.76933e-42
-4.81341e-07
-1.61921e-41
  1.2864e-07
 3.31542e-05
-5.76587e-08
 1.06238e-42
 -0.00106915
 -1.6563e-06
-7.84699e-42
 3.21538e-42
-4.47224e-07
-2.63479e-41
 5.77482e-07
 4.40775e-05
-7.43666e-08
 2.18823e-42
 -0.00158283
 3.27028e-06
 -6.6147e-42
-4.61606e-43
-4.31685e-07
-3.50936e-41
-3.89329e-07
 5.34314e-05
-1.41978e-07
 2.85724e-42
  -0.0020041
-4.88179e-06
-3.31033e-42
-5.03247e-42
-4.19937e-07
-4.10374e-41
  5.7763e-07
 5.78327e-05
 1.22639e-07
 2.88734e-42
 -0.00228862
 5.76808e-06
 8.33521e-43
-1.00626e-41
-3.93782e-07
-4.27157e-41
 4.74539e-08
 5.37881e-05
-2.62726e-07
 2.29315e-42
 -0.00237273
-5.30012e-06
 5.91736e-42
-1.49379e-41
-3.94294e-07
-3.84973e-41
-2.31826e-07
 4.13211e-05
 1.93968e-07
 1.27008e-42
 -0.00219078
 4.06395e-06
 9.43208e-42
-1.90085e-41
-3.81447e-07
-2.92209e-41
 5.13453e-07
 2.41031e-05
-1.49864e-07
-1.38915e-43
 -0.00170986
-2.28327e-06
 1.15839e-41
-2.17491e-41
-3.80291e-07
 -1.6556e-41
-5.54184e-07
 9.07322e-06
 8.90252e-08
-1.75217e-42
-0.000940525
 6.83229e-07
 7.92971e-42
-2.30302e-41
-3.81502e-07
-4.77095e-42
 4.09164e-07
 3.07999e-06
-7.35705e-08
-3.60357e-42
          -0
          -0
          -0
 -2.3319e-41
-3.72112e-07
          -0
          -0