           0
           0
           0
           0
           0
 -3.5076e-13
-1.87402e-07
 1.57149e-20
 5.59573e-33
 7.57325e-20
 -8.7846e-12
-4.89482e-08
-6.68625e-20
-1.27894e-35
 5.90413e-19
-6.33585e-13
-8.07434e-08
 4.49956e-20
 5.07889e-33
-6.79645e-20
-8.58521e-12
 1.81834e-08
-6.67564e-20
 2.40741e-35
-3.86555e-20
 6.80961e-13
 2.61339e-07
  7.1692e-20
 8.62982e-33
-8.79401e-20
-8.20857e-12
 1.71902e-08
-6.67477e-20
-3.00927e-36
-7.29621e-19
  5.1232e-12
 5.19598e-08
 9.27053e-20
 1.01258e-32
 9.21215e-20
-7.69555e-12
-4.79632e-08
-6.61034e-20
 3.00927e-36
-2.43402e-19
 1.39432e-11
-1.65876e-07
 9.53195e-20
 2.34695e-32
 9.26409e-20
-7.10491e-12
-1.01581e-08
-6.41621e-20
-2.70834e-35
 1.72023e-18
 2.88774e-11
-7.21681e-08
 7.34312e-20
  2.7036e-32
-1.35165e-19
-6.51503e-12
 8.96295e-08
-6.22272e-20
-1.80556e-35
-1.04977e-18
 5.07121e-11
-7.08633e-08
 3.55086e-20
 6.98345e-32
-1.03052e-19
-6.01975e-12
 6.33576e-09
 -6.0313e-20
 1.50463e-35
 7.90178e-19
 8.18708e-11
 6.23939e-08
-6.00715e-21
 7.31229e-32
 1.65142e-19
-5.73243e-12
-1.75015e-07
-5.29139e-20
 2.40741e-35
-8.17722e-19
 1.22566e-10
 2.19232e-07
 -3.8951e-20
  1.2911e-31
 1.42146e-19
-5.76837e-12
-9.15832e-08
-3.53767e-20
 5.64237e-36
 2.09362e-19
 1.73646e-10
-1.32943e-07
-5.80372e-20
 1.23855e-31
-1.52982e-19
-6.24805e-12
 2.11148e-07
-1.41534e-20
-3.83681e-35
 9.47805e-19
 2.39989e-10
-3.07404e-07
-7.23037e-20
 4.95445e-32
-1.96392e-19
 -7.2821e-12
 3.14269e-07
-2.12284e-21
 7.52316e-36
-9.58219e-19
 3.17582e-10
 8.06427e-08
-8.95793e-20
   6.846e-32
 7.82116e-20
-8.98417e-12
 1.30578e-07
 -3.5289e-21
 2.10649e-35
 2.24249e-19
 4.06752e-10
 6.99472e-08
 -1.0546e-19
 2.41242e-32
 1.82288e-19
-1.14894e-11
-4.36022e-08
-1.13224e-20
 6.01853e-36
 6.48361e-19
 5.15914e-10
 -1.4132e-07
-1.15481e-19
 2.04582e-33
-4.62394e-21
-1.49574e-11
-6.01845e-08
 -1.8789e-20
-3.00927e-36
-6.56098e-19
 6.50095e-10
 2.30688e-07
-1.12865e-19
  5.7477e-34
-1.30764e-19
-1.95739e-11
-3.13493e-08
-2.55162e-20
 -9.0278e-36
 5.60438e-19
 8.15107e-10
 3.14164e-07
-8.26238e-20
 1.36004e-32
-6.02816e-20
-2.55082e-11
-5.91128e-08
-3.12387e-20
 2.40741e-35
-4.43217e-19
 1.01734e-09
-1.79004e-07
-2.46329e-20
 2.31683e-32
 2.52254e-19
-3.28778e-11
-1.10793e-07
-3.19494e-20
-2.70834e-35
-6.90566e-19
 1.25908e-09
-1.12305e-07
 3.81096e-20
 1.80992e-32
 3.29821e-19
-4.16994e-11
 -8.9284e-08
-2.54064e-20
  9.0278e-36
 1.38926e-18
 1.53657e-09
 1.79873e-07
  8.4528e-20
-6.17953e-33
 -5.1836e-19
-5.18226e-11
-4.90009e-09
-1.55748e-20
-6.01853e-36
-1.60194e-18
 1.84051e-09
-1.23995e-07
 1.02828e-19
-1.67996e-32
-4.37304e-19
-6.28643e-11
  1.2802e-08
-8.44814e-21
 3.00927e-35
 5.37747e-19
 2.15479e-09
-1.62953e-07
  8.7095e-20
 2.33369e-33
 1.11988e-18
-7.42048e-11
-1.46917e-08
-5.96154e-21
-6.01853e-36
 6.86172e-19
 2.45688e-09
 2.65022e-07
  4.9812e-20
 1.06979e-33
-1.37565e-19
-8.50361e-11
 3.96674e-08
-6.63703e-21
 2.70834e-35
-1.04495e-18
 2.72169e-09
 1.06671e-07
 8.85511e-21
 1.40533e-33
-1.77903e-18
-9.44668e-11
  7.7046e-08
-1.00674e-20
-2.70834e-35
 1.18783e-19
  2.9246e-09
-3.04085e-07
-4.02226e-20
 7.55326e-34
 1.62502e-18
-1.01669e-10
 2.13237e-08
-1.70931e-20
-1.39179e-35
 7.05277e-19
  3.0467e-09
-7.23377e-08
 -1.0143e-19
 2.03712e-32
 1.56723e-18
-1.06015e-10
 6.69327e-08
 -2.7871e-20
 2.40741e-35
-1.00508e-18
 3.08046e-09
 3.23295e-07
-1.47913e-19
 3.73089e-32
-3.88638e-18
-1.07208e-10
 1.51024e-07
 -4.3214e-20
-6.01853e-36
 1.55114e-18
 3.02553e-09
 2.82407e-07
-1.51916e-19
 1.26104e-31
-1.14398e-18
 -1.0531e-10
 -2.5419e-08
-6.33729e-20
 1.80556e-35
-1.44678e-18
 2.89461e-09
-9.94398e-08
-1.22739e-19
 1.94446e-31
 4.40812e-18
 -1.0071e-10
-2.51717e-07
-8.28558e-20
-1.80556e-35
-4.31358e-20
 2.70243e-09
-4.82726e-07
-9.18584e-20
  1.5162e-31
 3.28195e-19
-9.40374e-11
-1.72915e-07
-9.24371e-20
-6.01853e-36
  1.5212e-18
 2.46354e-09
-2.89061e-07
-7.36805e-20
 1.13657e-31
-2.46628e-18
-8.60191e-11
-2.02901e-08
-8.72557e-20
-1.50463e-35
-5.71039e-19
 2.20011e-09
 3.06967e-07
-5.20211e-20
 5.46212e-32
 1.14106e-18
-7.73832e-11
-1.21721e-08
-6.91096e-20
-1.50463e-36
-1.00108e-18
 1.92739e-09
 3.00983e-07
-6.71519e-21
 5.98242e-33
 4.96877e-19
-6.87302e-11
 3.39178e-08
-4.42512e-20
 2.10649e-35
 5.26745e-19
 1.65484e-09
-1.16039e-07
 5.32493e-20
 2.62408e-33
-1.63902e-18
-6.04568e-11
 7.69517e-08
-2.10975e-20
-1.80556e-35
-2.51041e-20
 1.38705e-09
 -9.5973e-08
  9.4817e-20
-7.19515e-33
 7.41519e-19
-5.27995e-11
-2.98516e-09
-6.00241e-21
 6.01853e-36
-7.00258e-20
 1.12604e-09
-5.02315e-08
 9.38179e-20
  4.8146e-32
 1.21068e-18
-4.58806e-11
 3.50201e-08
-1.95955e-21
-3.00927e-35
 1.07229e-19
 8.77925e-10
-2.69884e-07
  5.3793e-20
 5.55315e-32
-1.22294e-18
-3.97695e-11
 1.97137e-07
-1.14713e-20
 5.41668e-35
-1.03963e-18
 6.47377e-10
-8.90999e-08
-2.30601e-21
 1.36425e-31
   -8.12e-19
-3.45756e-11
 1.23677e-07
-3.31578e-20
-1.50463e-35
 1.13732e-18
 4.41725e-10
  2.9726e-07
-5.35808e-20
 1.70758e-31
 8.14872e-19
-3.04446e-11
 -1.2765e-07
-5.54892e-20
 5.15337e-35
-6.19313e-19
 2.75846e-10
 2.11361e-07
-9.25428e-20
 7.49427e-32
 4.42211e-19
 -2.7524e-11
-1.93002e-07
-6.34464e-20
-4.21297e-35
 9.40842e-19
  1.6203e-10
 1.88236e-08
-1.16176e-19
 5.30503e-32
-2.06484e-19
-2.59037e-11
-7.14992e-08
-5.32068e-20
 2.40741e-35
-3.31772e-19
 1.09818e-10
 1.05226e-07
-1.19327e-19
 -1.1217e-32
-1.61484e-19
-2.54928e-11
 2.24355e-08
-3.55733e-20
-2.40741e-35
-3.21952e-19
 1.24669e-10
 9.62923e-08
-1.07525e-19
-3.00881e-32
-8.12225e-20
-2.59624e-11
 2.61282e-08
-2.56014e-20
-1.20371e-35
 3.30786e-19
 2.02953e-10
-9.78971e-08
-1.00766e-19
-2.77763e-32
 2.46017e-19
-2.67473e-11
 1.55432e-08
  -3.209e-20
-1.20371e-35
  8.3774e-19
 3.32189e-10
-8.93878e-08
-1.06405e-19
-2.13222e-32
 1.54594e-19
-2.71088e-11
 8.46191e-08
-5.66066e-20
           0
-9.57967e-19
 4.93741e-10
 1.38845e-07
-1.02523e-19
-6.21714e-33
-5.91752e-19
-2.62788e-11
 1.44299e-07
-9.67404e-20
 1.20371e-35
 4.13766e-19
 6.62511e-10
 9.54435e-08
-6.67328e-20
 3.13866e-32
-2.80011e-19
-2.36493e-11
 9.35113e-09
-1.44316e-19
           0
-1.17213e-18
 8.13781e-10
-3.54756e-07
-8.91435e-21
 3.35804e-32
 5.30669e-19
-1.89508e-11
-1.75541e-07
-1.85048e-19
           0
-8.52062e-20
 9.26924e-10
-4.54369e-07
 4.04986e-20
-1.66412e-33
 2.10408e-19
-1.23123e-11
-1.41838e-07
 -2.0855e-19
 3.00927e-36
-6.32892e-20
 9.86615e-10
 4.77644e-07
 6.62967e-20
-6.35406e-33
-1.23482e-19
-4.27387e-12
 1.49625e-09
-2.16692e-19
-7.52316e-37
 8.51632e-19
           0
           0
           0
           0
           0