-9.25821e-28
           0
       1e-13
     10.6038
 5.71211e-05
 1.67638e-15
 9.25821e-15
     1.57069
           0
           0
-6.59934e-10
 1.91883e-05
 1.00067e-13
     10.4586
-0.000101409
 5.41104e-16
  9.3391e-15
     1.57069
  1.3482e-15
 2.69168e-05
-8.15843e-10
 5.62283e-05
 1.00023e-13
     10.3134
  3.6634e-05
-1.69639e-16
 9.51444e-15
      1.5707
 1.57403e-15
  6.6298e-05
-7.77655e-10
 3.78952e-05
 1.00031e-13
     10.1682
 0.000133038
-3.47209e-16
 9.68448e-15
      1.5707
 1.25993e-15
-3.68129e-05
-4.32747e-10
-4.26627e-05
 1.00231e-13
      10.023
-3.75143e-06
 -1.9748e-16
 9.81581e-15
     1.57069
 9.28957e-16
-0.000115379
 4.52722e-10
-7.82738e-05
 1.00454e-13
      9.8778
-2.74759e-05
-3.86608e-17
 9.91868e-15
     1.57068
 7.85488e-16
-9.64088e-05
 9.39811e-10
-2.07753e-05
 1.00506e-13
      9.7326
-8.95347e-05
 1.29283e-16
 1.00162e-14
     1.57067
 8.40523e-16
 -2.5339e-05
 1.18809e-09
  6.5861e-05
  1.0049e-13
      9.5874
-2.46158e-05
 3.25887e-17
  1.0123e-14
     1.57067
 9.38833e-16
  4.3988e-05
 2.07941e-09
 0.000148066
 1.00618e-13
      9.4422
-7.77549e-07
-4.34212e-16
  1.0221e-14
     1.57068
 6.94998e-16
 5.94078e-05
 2.48826e-09
 0.000159284
 1.00887e-13
       9.297
 0.000171457
-5.72564e-16
 1.02678e-14
     1.57068
 8.38126e-17
-4.41986e-05
 1.56569e-09
 0.000140805
 1.01115e-13
      9.1518
-9.95909e-05
-1.03765e-16
 1.02532e-14
     1.57067
-3.26724e-16
 -8.7834e-05
 2.04649e-09
 0.000227811
 1.01241e-13
      9.0066
-0.000208433
  2.5543e-16
 1.02195e-14
     1.57067
-2.34705e-16
 9.90871e-05
 3.72356e-09
 0.000290356
 1.01484e-13
      8.8614
 0.000290719
 2.45562e-16
 1.02096e-14
     1.57068
 6.92723e-17
 4.91874e-05
 2.15794e-09
 0.000285562
 1.02009e-13
      8.7162
-4.13766e-05
 1.62466e-16
 1.02327e-14
     1.57068
 3.16803e-16
-0.000102092
 5.38377e-10
 0.000248165
 1.02589e-13
       8.571
-0.000186259
-1.16816e-16
 1.02724e-14
     1.57067
 3.44506e-16
  3.5968e-05
 2.08848e-09
 0.000144302
 1.02843e-13
      8.4258
 0.000112499
-4.90103e-16
 1.02917e-14
     1.57068
-2.35208e-17
 8.07141e-05
 4.09214e-09
 0.000176505
 1.02711e-13
      8.2806
-3.64809e-05
-4.25744e-16
 1.02555e-14
     1.57069
-5.78811e-16
 3.46156e-05
 5.70934e-09
 0.000320663
 1.02528e-13
      8.1354
 5.56173e-05
 3.13527e-17
 1.01717e-14
     1.57069
-8.17916e-16
 2.30202e-05
 4.69364e-09
 0.000343617
 1.02627e-13
      7.9902
  0.00011593
   4.178e-16
 1.00899e-14
     1.57069
-5.45711e-16
-8.09497e-05
 2.72225e-09
 0.000280722
  1.0292e-13
       7.845
-0.000225936
 4.04074e-16
 1.00543e-14
     1.57068
-4.76704e-17
-1.43067e-05
  4.9366e-09
 0.000270642
 1.03056e-13
      7.6998
-4.91855e-05
-1.35595e-16
 1.00584e-14
     1.57069
 1.15023e-16
 0.000152391
 7.81546e-09
 0.000348765
 1.02943e-13
      7.5546
 0.000260857
-7.12144e-16
 1.00413e-14
      1.5707
-3.98473e-16
 2.41861e-05
 4.08865e-09
 0.000373554
 1.02844e-13
      7.4094
 7.93745e-05
-6.15087e-16
  9.9453e-15
     1.57069
-1.20232e-15
-0.000181885
-4.75927e-09
 0.000344347
 1.02942e-13
      7.2642
-4.67493e-06
 3.26228e-17
 9.77985e-15
     1.57067
-1.55506e-15
-0.000227123
-1.27376e-08
 0.000400417
 1.03134e-13
       7.119
-0.000154582
 4.84022e-16
 9.61201e-15
     1.57065
-1.24229e-15
-0.000130712
 -1.4784e-08
 0.000451522
 1.03257e-13
      6.9738
-0.000143883
 3.16629e-16
 9.49202e-15
     1.57064
 -7.5763e-16
 4.99558e-05
-9.60275e-09
 0.000459865
 1.03322e-13
      6.8286
-9.33678e-06
-1.73767e-16
 9.40629e-15
     1.57065
-6.71141e-16
 0.000142693
-1.03736e-09
 0.000482498
 1.03486e-13
      6.6834
-1.12473e-05
-3.96629e-16
 9.30505e-15
     1.57067
-1.01628e-15
 0.000155149
 7.48107e-09
 0.000466541
 1.03833e-13
      6.5382
 3.17801e-05
-2.14824e-16
  9.1609e-15
     1.57069
-1.38621e-15
 0.000142729
 1.53795e-08
 0.000438016
 1.04226e-13
       6.393
-6.63611e-05
 -3.8179e-17
 8.98537e-15
     1.57071
-1.53926e-15
 0.000163641
 2.23321e-08
 0.000446918
 1.04514e-13
      6.2478
 0.000132257
-1.12004e-16
 8.79521e-15
     1.57072
-1.63008e-15
   0.0001238
 2.30791e-08
 0.000477585
 1.04749e-13
      6.1026
 0.000196085
 -1.9106e-16
  8.5886e-15
     1.57073
-1.81333e-15
-7.47336e-05
 1.78924e-08
 0.000487715
 1.05031e-13
      5.9574
-0.000149159
-2.18832e-16
 8.35614e-15
     1.57072
-2.06113e-15
-0.000103122
 1.58846e-08
 0.000496643
 1.05317e-13
      5.8122
-8.88886e-05
-4.33356e-16
 8.08515e-15
     1.57071
-2.45533e-15
 4.07684e-05
 1.74404e-08
 0.000561159
 1.05522e-13
       5.667
 0.000102996
-5.31199e-16
 7.75553e-15
     1.57072
-3.03824e-15
 3.22533e-05
 1.79815e-08
 0.000615421
 1.05622e-13
      5.5218
 -6.7351e-05
-1.20153e-16
 7.36733e-15
     1.57072
-3.43182e-15
 1.07065e-05
 2.20352e-08
 0.000664463
 1.05709e-13
      5.3766
-0.000100534
 2.26665e-16
 6.95937e-15
     1.57073
 -3.3675e-15
 0.000112127
 3.15372e-08
 0.000692311
 1.05943e-13
      5.2314
 6.83083e-05
-5.33523e-17
 6.56155e-15
     1.57074
 -3.2628e-15
 0.000131601
 3.69542e-08
 0.000639844
 1.06354e-13
      5.0862
 0.000159242
-3.73836e-16
 6.15454e-15
     1.57075
-3.52076e-15
-5.81102e-06
 3.19744e-08
 0.000613816
 1.06782e-13
       4.941
  7.0939e-05
-1.25586e-16
 5.71396e-15
     1.57074
-3.82232e-15
-0.000144796
 2.58588e-08
 0.000639494
 1.07082e-13
      4.7958
-0.000250421
 2.08839e-16
 5.25829e-15
     1.57073
-3.77208e-15
-3.64642e-05
 3.08365e-08
  0.00067223
 1.07226e-13
      4.6506
-5.24428e-05
 9.87421e-17
 4.81678e-15
     1.57074
-3.58643e-15
 0.000146346
 4.17068e-08
 0.000707286
 1.07295e-13
      4.5054
 0.000106648
-9.48547e-17
 4.38655e-15
     1.57075
-3.58407e-15
 0.000113644
 4.90917e-08
 0.000712063
 1.07431e-13
      4.3602
-2.81353e-05
 -1.2171e-16
 3.94862e-15
     1.57076
-3.71473e-15
 6.62666e-05
 5.28414e-08
 0.000701878
  1.0772e-13
       4.215
 7.67688e-05
-2.77899e-16
 3.48839e-15
     1.57077
-3.95578e-15
 3.69346e-05
 5.55976e-08
  0.00072198
 1.08076e-13
      4.0698
-9.50459e-05
-5.14693e-16
 2.98502e-15
     1.57077
-4.43381e-15
 4.79487e-05
 6.26994e-08
 0.000756401
 1.08331e-13
      3.9246
-3.89468e-05
-3.60789e-16
 2.42128e-15
     1.57078
-4.96175e-15
 0.000128752
 7.37889e-08
   0.0007812
 1.08427e-13
      3.7794
 5.32182e-05
 4.65542e-16
 1.82966e-15
      1.5708
-4.89864e-15
 0.000120153
 8.09837e-08
 0.000758205
 1.08454e-13
      3.6342
 9.60167e-05
 1.88137e-15
  1.3267e-15
     1.57081
-3.48399e-15
 3.01961e-05
 8.25852e-08
 0.000641035
 1.08494e-13
       3.489
-4.59277e-05
 3.89952e-15
 1.11766e-15
     1.57081
           0
           0