           0
           0
           0
           0
           0
 7.03141e-10
-2.64045e-07
 2.99338e-07
-5.43139e-16
-7.72342e-17
 1.63741e-11
-3.11901e-07
-1.12475e-08
-5.67512e-20
 9.24348e-18
 1.48808e-09
-1.36663e-07
-7.11116e-08
-5.63994e-16
-6.44617e-17
 8.25056e-12
  1.4611e-07
-4.54032e-08
  5.0822e-21
 4.13936e-17
  1.1285e-09
-2.70843e-08
-4.17554e-07
-1.25293e-16
 4.19773e-17
-1.87303e-11
 3.47767e-07
-4.74642e-08
  5.2516e-20
-8.73629e-18
 7.81331e-10
-1.71718e-07
 3.70112e-07
-2.47132e-16
  2.8627e-17
-5.55837e-11
 1.04575e-07
-7.18137e-08
 1.18585e-20
-5.52314e-17
 7.01833e-10
  6.7872e-07
  2.6674e-07
-1.42921e-16
 8.61882e-19
-7.78129e-11
-1.87275e-07
-8.29352e-08
-3.38813e-20
  -3.238e-17
-3.79916e-10
 7.48705e-07
-3.55078e-07
-1.41904e-16
-3.70756e-17
-7.09147e-11
-1.74581e-07
-8.07178e-08
 -5.0822e-21
 3.62928e-17
-1.82507e-09
-7.38863e-07
-9.84897e-08
-1.45953e-16
-5.74621e-17
-3.42154e-11
 1.60752e-08
-5.48983e-08
-3.89635e-20
 1.84721e-17
-2.49483e-09
-9.03837e-07
 2.79545e-08
-5.78005e-18
-1.60739e-17
 4.27766e-12
 6.58829e-08
 3.25847e-08
 1.18585e-19
 4.13799e-18
 -2.5832e-09
 3.13143e-07
 -1.3274e-07
-8.77791e-18
 2.90452e-17
 2.57814e-11
  3.0776e-09
-1.27752e-08
-3.38813e-20
-1.90199e-18
-1.73839e-09
 3.33015e-07
 1.78141e-07
-6.31332e-17
-4.40602e-17
  4.7982e-11
-1.11357e-07
-1.08291e-07
-3.38813e-20
-4.09166e-17
 3.24417e-10
 8.53743e-09
 3.58312e-07
-2.56725e-16
-8.64395e-17
 6.39995e-11
-1.42132e-07
-4.10848e-08
 2.37169e-20
  1.0245e-17
 2.24181e-09
 3.87308e-07
-1.19385e-08
-2.01285e-16
-2.10656e-17
 6.60972e-11
  3.2269e-08
-4.17065e-08
 6.77626e-21
 2.44436e-17
 2.79882e-09
 -1.9378e-07
-2.21451e-07
-1.72196e-16
-8.58909e-17
 7.12336e-11
 5.89689e-08
-1.22424e-07
-3.38813e-21
-5.76512e-17
 2.40643e-09
-7.13496e-07
-2.20858e-08
-2.43833e-16
-8.43935e-17
 7.12235e-11
-7.48747e-08
-8.92196e-08
 1.69407e-20
-1.63615e-17
 2.08572e-09
  8.1269e-08
 2.01666e-07
-9.15719e-17
-7.82976e-19
 5.94706e-11
-1.29906e-08
-4.23604e-08
-9.82558e-20
 2.18273e-17
 2.27854e-09
 2.75956e-07
 1.39049e-07
-2.41502e-17
-8.21036e-19
 3.53562e-11
 1.03606e-07
-2.44661e-08
 6.43745e-20
 2.08946e-18
 2.33378e-09
 -1.1173e-07
-2.31623e-07
-1.72693e-17
 1.18183e-17
-7.85627e-12
 7.64977e-08
-2.93646e-08
 3.38813e-21
-7.20118e-18
 2.13888e-09
 1.03288e-07
-1.37087e-07
-1.28198e-17
 1.73429e-17
-5.05257e-11
 8.77062e-09
-6.15814e-08
 2.37169e-20
 -8.2191e-18
 2.85995e-09
 3.98414e-07
 3.54129e-07
-7.55274e-17
-1.44395e-17
-7.84582e-11
  4.8333e-08
-6.48447e-08
-6.43745e-20
 2.38402e-17
 3.86163e-09
  2.7169e-08
 1.80859e-07
-3.26239e-16
 2.24738e-17
-8.31473e-11
 6.36023e-08
-8.61813e-08
 5.42101e-20
-2.55083e-17
 3.96016e-09
-4.53789e-07
-8.66138e-08
-3.03075e-16
-8.31353e-18
-5.22426e-11
-1.46859e-07
-8.70836e-08
-2.03288e-20
-8.75718e-17
 4.22827e-09
 1.64513e-07
 2.63198e-08
 -4.2686e-16
-1.03896e-16
-5.34547e-12
-2.28229e-07
-3.45506e-08
-3.38813e-20
 1.81302e-17
 5.14798e-09
 3.98874e-07
 2.86731e-08
-3.75865e-16
-5.13081e-17
 4.43467e-11
 -2.1884e-08
-6.37507e-08
 6.77626e-20
 5.38511e-17
 6.37818e-09
-5.72855e-07
 1.00099e-07
-1.05244e-18
 5.65467e-18
 9.34183e-11
  1.0469e-07
-1.35419e-07
-3.38813e-20
 2.57179e-18
 7.50885e-09
-3.04498e-07
  5.0879e-08
  8.4068e-19
 3.58957e-18
 1.18764e-10
 1.19272e-07
-1.17839e-07
 1.35525e-20
 1.22542e-17
 8.15296e-09
 6.54241e-07
 6.90585e-08
-2.31447e-16
-2.35127e-17
 1.15769e-10
 4.46995e-08
-4.99115e-08
-8.80914e-20
-3.35907e-17
 8.95911e-09
 2.98872e-07
 2.24897e-07
-4.43888e-16
-7.21106e-17
 1.04486e-10
-5.01035e-08
-2.48239e-08
-2.71051e-20
-1.47071e-18
 8.30271e-09
-2.98784e-07
-1.28854e-07
-2.15501e-16
 -4.1319e-17
 1.08148e-10
 4.17544e-08
-4.72716e-08
 1.49078e-19
  3.9236e-17
 6.36348e-09
-2.79587e-07
-5.66722e-08
-3.84473e-16
-2.19089e-17
 1.17808e-10
 3.76028e-08
 -5.2978e-08
-1.89735e-19
-4.80987e-17
 7.26983e-09
-6.34465e-08
 3.49823e-07
-1.11405e-15
-1.49057e-16
   1.009e-10
-2.58236e-08
-6.08713e-08
 1.21973e-19
 2.20772e-17
 9.01621e-09
 1.90006e-07
 1.85278e-08
-7.33734e-16
-1.21067e-16
 6.54985e-11
 1.68826e-07
 -9.3621e-08
 8.13152e-20
 1.43357e-16
 9.60738e-09
 1.83821e-09
 1.82219e-09
-1.00762e-15
-4.08572e-17
 2.67175e-11
 1.59294e-07
-9.13385e-08
 5.42101e-20
-1.56482e-16
 1.25821e-08
-2.38703e-07
 2.98533e-07
-1.33959e-15
-6.80233e-17
-1.53023e-12
-8.03689e-08
-7.21623e-08
-1.21973e-19
-5.89476e-17
 1.57757e-08
 6.54623e-07
 5.04095e-08
-3.87794e-16
-1.19662e-17
 2.73931e-12
-2.24899e-08
-6.61315e-08
 1.35525e-20
 1.02208e-16
 1.62224e-08
 5.56882e-07
-7.38566e-08
-1.22122e-16
  4.1147e-17
 1.45075e-11
 1.09173e-07
 -6.7081e-08
           0
-8.87644e-19
 1.64359e-08
-1.36435e-06
 4.11463e-08
-1.36084e-16
 2.35156e-17
 2.36884e-11
 2.45254e-08
-8.25884e-08
           0
-9.37422e-17
 1.66768e-08
-9.28714e-07
-3.40484e-09
  -2.671e-16
 -3.8832e-17
 2.77297e-11
-1.64423e-07
-7.60702e-08
-1.35525e-19
-1.18379e-16
 1.63185e-08
 7.73891e-07
-1.08528e-08
-1.93467e-15
-2.17614e-16
   7.896e-12
-1.53291e-07
-6.43212e-08
  1.0842e-19
 1.17885e-16
  1.7318e-08
 2.19631e-07
 7.03758e-08
-1.89202e-15
-2.51003e-16
 3.45378e-12
 8.42541e-08
-6.43045e-08
-8.13152e-20
 1.41841e-16
 1.97201e-08
 7.49124e-08
  8.3124e-08
-1.95409e-15
-2.12597e-16
-4.81182e-12
-7.92619e-09
-2.44398e-08
           0
-9.82716e-17
 2.38552e-08
 5.95883e-07
 1.74903e-07
-6.38286e-15
-8.27945e-16
 -5.3822e-11
 -1.3614e-07
-1.18355e-08
 5.42101e-20
 2.29274e-17
 3.13641e-08
-5.22018e-08
 2.51617e-07
-5.24872e-15
 -5.8125e-16
-5.60072e-11
 9.95859e-08
-7.82508e-08
-5.42101e-20
 3.12756e-16
 3.62688e-08
-1.70811e-07
 2.90296e-08
-4.82627e-15
-5.27536e-16
 1.81347e-11
-3.46272e-08
-9.89629e-08
  1.0842e-19
-8.17954e-16
 3.59279e-08
-1.50186e-07
 -4.0935e-08
-1.39764e-14
-5.16948e-16
 5.28452e-11
-2.23667e-07
-3.91141e-08
-5.42101e-20
  1.0872e-16
 3.91884e-08
-4.91487e-07
 1.33785e-07
 -9.9029e-15
-2.58634e-17
 1.04073e-11
 1.67436e-07
-3.42286e-08
 3.79471e-19
 4.33355e-16
 4.64157e-08
 2.41977e-07
 1.14479e-07
-7.02339e-15
-1.13148e-15
 2.30879e-11
 2.70205e-07
-6.85157e-08
-3.79471e-19
-5.70021e-16
 5.16421e-08
 3.39433e-07
 5.74201e-08
-7.23783e-15
-8.57126e-16
  6.6368e-11
-7.56492e-08
-2.33121e-08
 -2.1684e-19
-2.08209e-16
 5.48988e-08
-7.11741e-07
 4.93776e-08
-9.83751e-16
-2.54537e-16
 2.06313e-11
-1.30547e-07
 1.06235e-08
 2.71051e-19
-6.39439e-17
 5.65297e-08
 4.52344e-07
 6.62173e-08
-6.80716e-16
-3.91083e-16
-8.22654e-12
 1.90738e-08
 -3.3882e-08
-3.79471e-19
 1.35109e-16
           0
           0
           0
           0
           0