-6.02595e-17
          -0
       1e-13
     8.80364
-8.98268e-05
 0.000437429
 0.000602595
     1.57112
           0
           0
 0.000791245
 -0.00357696
-0.000252321
     8.64526
 5.56169e-05
 2.23257e-05
  0.00062224
     1.57112
 0.000302229
 2.24956e-05
  0.00155497
 -0.00574855
-0.000371976
     8.48534
 7.00343e-05
-0.000649682
 0.000634734
     1.57112
-0.000110014
-6.00798e-05
  0.00230574
 -0.00545766
-0.000710494
     8.32552
-4.88415e-05
 -0.00117795
  0.00054238
     1.57111
 -0.00131082
-7.40119e-05
  0.00310405
 -0.00327135
 -0.00111803
     8.16791
  0.00011572
-0.000925997
 0.000282133
      1.5711
 -0.00269296
-0.000117935
  0.00401896
-0.000501072
 -0.00126685
     8.01435
  0.00035124
 0.000544352
 -8.4251e-05
     1.57106
 -0.00294372
-0.000424616
  0.00508126
  0.00163424
-0.000998493
     7.86562
 0.000535054
  0.00152246
-0.000378719
     1.57097
 -0.00158656
 -0.00100661
  0.00626286
  0.00188875
 1.30765e-05
     7.72099
 0.000495722
  0.00142207
-0.000459312
     1.57079
 0.000346673
 -0.00168336
  0.00749229
  0.00033249
  0.00138149
     7.57841
-0.000103296
  0.00146338
-0.000291129
     1.57056
  0.00224077
   -0.001941
  0.00868937
 -0.00196888
  0.00231881
     7.43528
 0.000153002
 0.000271528
 7.41872e-05
      1.5703
  0.00337948
 -0.00197361
  0.00979598
 -0.00440605
   0.0027115
     7.28943
  0.00100791
  -0.0017007
 0.000452569
        1.57
  0.00244178
 -0.00273534
   0.0107893
 -0.00593507
  0.00229907
     7.13968
-0.000427683
 -0.00113507
 0.000649066
     1.56962
 0.000581263
 -0.00311611
   0.0116778
 -0.00560456
 0.000915981
     6.98595
  -0.0022495
-4.50333e-05
  0.00067431
     1.56932
-0.000192894
 -0.00136012
   0.0124907
 -0.00398905
-0.000570484
     6.82889
 -0.00172904
-0.000553779
  0.00062371
     1.56932
-0.000585577
  0.00124913
   0.0132658
 -0.00167034
 -0.00154696
     6.66943
 -0.00116131
  4.0834e-05
  0.00052572
      1.5696
-0.000921952
  0.00314436
   0.0140361
  0.00125168
 -0.00213476
      6.5085
-0.000550237
  0.00056129
 0.000431522
     1.57008
-0.000527256
  0.00426643
   0.0148227
  0.00399072
 -0.00223102
     6.34694
  0.00123355
-0.000574066
 0.000362439
     1.57061
-0.000535556
  0.00381868
   0.0156342
  0.00575718
   -0.001722
     6.18545
  0.00183769
-0.000387405
 0.000251863
     1.57098
 -0.00116562
  0.00180614
   0.0164716
  0.00613753
 -0.00071869
      6.0247
  0.00203845
 0.000106572
 8.83704e-05
     1.57105
 -0.00134965
 -0.00073337
   0.0173329
  0.00466628
 0.000653198
     5.86524
  0.00296304
-0.000895973
 -0.00012069
     1.57074
 -0.00186667
 -0.00400947
   0.0182161
   0.0015018
  0.00203344
     5.70757
  0.00183111
-0.000643221
-0.000428879
     1.57001
 -0.00287471
 -0.00714927
   0.0191183
 -0.00237495
  0.00295088
     5.55198
 0.000171782
 0.000428662
-0.000811728
       1.569
 -0.00301526
 -0.00846083
    0.020033
 -0.00584601
  0.00324621
     5.39847
-0.000317008
 0.000695313
 -0.00115588
      1.5679
 -0.00227946
 -0.00836579
   0.0209485
 -0.00786797
  0.00302054
     5.24671
 -0.00278977
  0.00199525
 -0.00133775
     1.56695
-0.000518479
 -0.00633248
   0.0218516
 -0.00747174
  0.00216994
     5.09599
 -0.00583085
  0.00329823
 -0.00117999
     1.56649
  0.00294552
-0.000691292
   0.0227362
 -0.00434989
 0.000447712
     4.94534
 -0.00551886
  0.00225179
-0.000561038
     1.56688
  0.00657686
  0.00673463
   0.0236128
 0.000562259
 -0.00194198
     4.79362
 -0.00411465
  0.00125836
 0.000443209
     1.56817
   0.0088731
   0.0130365
   0.0245044
  0.00589006
 -0.00463913
     4.63969
 -0.00325318
    0.001489
  0.00171351
     1.57018
   0.0106699
   0.0178554
   0.0254365
   0.0104204
 -0.00720912
     4.48259
  0.00080417
-0.000461323
  0.00314428
      1.5726
   0.0113419
   0.0194572
    0.026421
   0.0122687
 -0.00825689
     4.32171
  0.00916752
 -0.00590946
  0.00434801
     1.57471
   0.0071771
   0.0129386
   0.0274519
  0.00959834
 -0.00622508
     4.15689
   0.0158205
  -0.0106151
  0.00457898
     1.57533
 -0.00362378
  -0.0033942
   0.0285403
  0.00242332
-0.000978261
     3.98858
   0.0172701
  -0.0127868
  0.00311383
     1.57348
   -0.018917
  -0.0250189
   0.0297397
 -0.00762064
  0.00650364
     3.81785
   0.0191429
  -0.0163257
-0.000581749
     1.56868
   -0.037938
  -0.0488099
   0.0311161
  -0.0177153
   0.0144351
     3.64635
   0.0129016
  -0.0122142
 -0.00672536
     1.56098
  -0.0565791
  -0.0697445
   0.0326202
  -0.0232559
   0.0193941
     3.47624
  -0.0166804
    0.013322
  -0.0140333
     1.55207
  -0.0558512
  -0.0672838
   0.0339851
  -0.0191455
   0.0169404
     3.30919
  -0.0532543
   0.0475827
  -0.0187089
     1.54629
   -0.016081
  -0.0216261
   0.0350576
 -0.00357493
  0.00470658
     3.14537
   -0.074828
   0.0706432
  -0.0157826
     1.54891
   0.0611019
   0.0619824
   0.0363446
    0.019306
  -0.0149133
     2.98384
  -0.0818232
   0.0835805
  -0.0012961
     1.56362
    0.161767
     0.16422
   0.0386834
   0.0392671
  -0.0341269
      2.8258
  -0.0165674
   0.0359855
      0.0248
     1.58915
    0.239711
    0.228515
   0.0414895
   0.0422981
  -0.0409582
     2.67507
    0.149504
   -0.109144
   0.0528505
     1.61325
    0.191836
    0.141976
   0.0428955
   0.0185761
  -0.0254916
     2.52307
    0.295183
    -0.24533
   0.0627498
     1.61286
  -0.0395396
   -0.147969
   0.0447196
  -0.0272653
   0.0109511
     2.34486
    0.376214
   -0.327352
   0.0332794
     1.56514
   -0.413851
    -0.58528
   0.0539443
  -0.0729955
   0.0516257
     2.14608
    0.195126
   -0.224723
   -0.043797
     1.46466
    -0.77194
   -0.959404
   0.0698954
  -0.0861204
   0.0695346
     2.00603
   -0.420328
    0.226836
    -0.14348
      1.3483
   -0.761643
   -0.820613
   0.0789393
  -0.0448392
   0.0461852
     1.89398
   -0.985552
     0.67533
   -0.203856
     1.30007
   -0.167221
   0.0900128
    0.084219
   0.0369975
  -0.0118545
     1.57841
    -1.21676
    0.857724
   -0.159109
     1.40595
    0.855641
     1.51173
     0.11687
    0.109317
  -0.0674476
     1.05776
   -0.730186
    0.571774
   0.0137456
     1.68609
     1.80365
     2.77078
    0.176931
    0.118932
  -0.0699161
    0.848395
    0.553766
     -0.2002
    0.253737
     2.06634
     1.88853
     2.98523
     0.21715
   0.0548431
  -0.0171289
      1.0905
     1.41755
   -0.722998
    0.443501
     2.40267
     1.03091
     1.85597
    0.225652
  -0.0322489
   0.0454994
     1.22821
     1.52356
   -0.696908
     0.51051
     2.53854
           0
           0