-3.18677e-32
          -0
-1.25775e-44
-1.83406e-06
 9.69841e-06
 6.69468e-19
 3.18677e-19
-9.00927e-08
          -0
          -0
-2.17722e-09
 3.49432e-07
-3.30012e-19
  -1.722e-06
 1.16075e-07
-9.77217e-19
 3.07584e-19
 -4.4635e-07
 -1.8488e-19
-5.93762e-06
-5.37164e-09
-7.50479e-07
 1.15267e-19
 -1.5453e-06
-1.56868e-05
 1.32161e-18
 2.97905e-19
-5.93849e-07
 2.35609e-20
  3.4793e-06
-6.36552e-09
 1.13315e-06
 5.29081e-20
-1.45962e-06
 1.51298e-05
 -6.0367e-20
 3.46374e-19
-1.56027e-07
 7.84265e-19
 3.81771e-06
-2.51785e-09
-6.47103e-07
 9.68275e-20
-1.43838e-06
 1.59433e-06
-1.79124e-18
 3.73367e-19
-3.04659e-07
-3.34392e-19
-6.29491e-06
 1.29677e-09
-1.27794e-06
 1.04135e-19
-1.48445e-06
-1.54359e-05
 2.03828e-18
 3.42266e-19
-5.58042e-07
-1.83956e-19
 2.07188e-06
 9.96387e-10
 2.43568e-06
-3.20134e-19
 -1.6612e-06
 1.70536e-05
-6.61466e-19
  3.7007e-19
-3.67985e-07
 6.47361e-19
 1.09574e-06
-3.93986e-09
-1.33391e-06
 2.46933e-19
-1.98721e-06
-1.17597e-05
-9.62612e-19
 3.88885e-19
-4.28536e-07
-3.33776e-19
-2.10492e-06
-9.53659e-09
-4.45074e-07
 2.93699e-19
-2.26805e-06
 4.64871e-06
 1.13062e-18
 3.54914e-19
-4.23275e-07
-2.32402e-19
  2.1926e-06
-9.94127e-09
 1.59994e-06
-4.33538e-19
-2.23217e-06
 3.37839e-06
 5.20209e-19
 3.86877e-19
 -4.5113e-07
 7.65109e-19
-2.65685e-06
-6.80064e-09
-1.78612e-06
-1.27517e-19
-1.94744e-06
-1.15684e-05
 -1.1843e-18
 4.54634e-19
-4.73177e-07
  3.6418e-19
  2.2894e-06
-1.31509e-10
 1.52667e-06
 6.49566e-20
-1.73106e-06
 1.38921e-05
-1.93592e-19
  4.4834e-19
-2.82571e-07
-4.69089e-19
 8.87368e-07
 8.09787e-09
 2.44564e-08
 3.31468e-19
-1.68527e-06
 -6.7492e-06
 5.34254e-19
 4.04441e-19
-4.34933e-07
-2.62552e-19
-3.42674e-06
 1.11972e-08
-1.71773e-06
 2.30981e-19
-1.54713e-06
 1.59738e-06
-3.05978e-19
 3.81284e-19
-6.59501e-07
-1.23407e-19
-3.16044e-07
 1.12629e-08
 1.53293e-06
-5.95189e-19
-1.17669e-06
-3.90599e-06
  1.6679e-18
 4.15778e-19
-6.13831e-07
 6.98308e-19
 1.07721e-06
 1.08327e-08
 3.39424e-07
 2.50812e-20
 -7.6349e-07
 1.00568e-06
-1.38564e-18
 5.09722e-19
-3.79527e-07
 8.67427e-19
 2.82785e-06
  1.0711e-08
-8.81682e-07
   5.418e-19
-5.24438e-07
 8.39264e-06
-1.10886e-18
 5.23498e-19
-3.80431e-07
-6.37817e-19
-2.84291e-06
 1.12142e-08
-3.28153e-07
 3.22048e-20
-6.29036e-07
-1.11369e-05
 7.54306e-19
 4.34206e-19
  -6.223e-07
-8.50387e-19
-1.18823e-06
 8.20535e-09
 9.18035e-07
 -1.6183e-19
-1.03864e-06
 6.23419e-06
 1.26125e-18
 4.05094e-19
-5.87389e-07
 3.65182e-19
 1.77007e-06
 2.55541e-09
-3.15638e-08
 -1.5007e-19
-1.48465e-06
 -3.7296e-06
 8.51378e-19
 5.25321e-19
-4.65645e-07
 1.63861e-18
 2.59002e-07
 3.59604e-09
-1.61265e-07
 3.71524e-20
 -1.7215e-06
 6.37135e-06
-4.47121e-18
 5.91026e-19
-5.30115e-07
-5.43536e-19
 -1.3335e-06
 1.27904e-08
-6.02521e-08
 1.84686e-19
-1.71085e-06
-5.75152e-06
 3.08841e-18
 4.75824e-19
-7.12594e-07
 -1.3765e-18
-1.70782e-06
  1.6727e-08
-1.80649e-07
 2.99261e-19
-1.60085e-06
-5.81905e-06
 2.27172e-18
 5.04434e-19
-4.99039e-07
 1.85333e-18
 5.26707e-06
 1.36771e-08
 9.19406e-07
-2.60042e-19
-1.45351e-06
   2.163e-05
-5.33542e-18
 6.16044e-19
-4.38673e-07
 6.82615e-21
-4.26097e-06
 1.22849e-08
-8.57434e-07
-1.23687e-19
-1.26071e-06
-2.44332e-05
 3.05303e-18
 5.34472e-19
-8.48777e-07
-1.36636e-18
-2.57409e-06
 1.28169e-08
 3.71947e-07
 7.29709e-19
-1.07533e-06
 8.12564e-06
 9.64889e-19
 5.15655e-19
-5.68043e-07
 1.05274e-18
 7.25298e-06
 1.39761e-08
 3.56878e-07
-4.14952e-19
-9.80282e-07
 1.47473e-05
-2.16831e-18
  5.9848e-19
-5.24395e-07
 3.27683e-19
-6.52551e-06
  1.0052e-08
-7.10453e-07
-1.63232e-19
-9.83388e-07
-2.75521e-05
 1.35452e-18
 6.08508e-19
 -8.4484e-07
-1.60553e-19
 1.18476e-06
 3.83073e-09
 7.41579e-07
 8.51172e-19
-9.84298e-07
  2.0867e-05
-9.86554e-19
  6.0239e-19
-4.60972e-07
 5.85875e-20
 5.21304e-06
 7.82209e-09
-4.17791e-07
-5.29364e-19
-9.96731e-07
 1.51265e-06
 5.54379e-19
 5.93878e-19
-6.43956e-07
-2.00449e-19
-8.26278e-06
 1.46024e-08
 1.96797e-07
-7.17147e-20
 -1.0473e-06
-2.20487e-05
  1.1635e-18
 6.31972e-19
-8.93797e-07
 8.35351e-19
 4.09876e-06
 1.55156e-08
 4.37001e-07
  6.1211e-19
-1.02856e-06
 2.36142e-05
-2.31841e-18
 6.90337e-19
-4.58341e-07
  1.3739e-19
 3.15883e-06
 1.86552e-08
 2.88903e-07
-4.63391e-19
-9.39959e-07
-5.38034e-06
 2.80033e-19
 6.33331e-19
-7.37757e-07
-1.08749e-18
-7.81574e-06
 2.05651e-08
-1.77848e-07
 6.43227e-20
-8.20425e-07
-1.56864e-05
 2.24511e-18
 5.94062e-19
-9.15129e-07
 4.33009e-19
 4.85953e-06
 1.60413e-08
-1.16444e-06
 6.60546e-19
-6.03658e-07
  2.2144e-05
 -1.5506e-18
 6.70957e-19
 -5.6496e-07
 8.48575e-19
 9.76628e-07
  1.1484e-08
 9.89095e-07
-6.10406e-20
-3.57207e-07
-1.40001e-05
  4.6327e-20
 7.18568e-19
-7.41784e-07
-5.50558e-20
-3.92371e-06
   7.492e-09
 1.53682e-06
-4.57866e-19
-2.56977e-07
 2.16798e-06
-2.51003e-19
 7.04595e-19
-7.85637e-07
-1.77827e-19
 3.19284e-06
 6.99487e-09
-1.47126e-06
 4.90955e-19
-3.91163e-07
 9.53561e-06
 1.46199e-19
 6.79488e-19
-8.24707e-07
-2.40627e-19
-3.84402e-06
 7.25344e-09
-1.30654e-06
 4.89192e-19
-6.58284e-07
 -2.0944e-05
  1.5385e-18
 7.11399e-19
-8.74569e-07
 7.72468e-19
   3.013e-06
 5.77253e-09
  3.1688e-06
-7.78012e-19
-7.27586e-07
  2.4016e-05
-3.44199e-18
 7.35355e-19
-6.23663e-07
-3.73188e-19
 1.16877e-06
 7.80135e-09
-1.05587e-06
 4.53464e-19
-5.62384e-07
-1.31935e-05
 3.31774e-18
  6.8617e-19
-8.73771e-07
 -4.4657e-19
-5.33725e-06
 7.43865e-09
-1.73465e-06
 5.97392e-19
-4.24425e-07
-5.81416e-06
 4.92895e-19
 7.69964e-19
-8.28936e-07
 1.84314e-18
 6.08448e-06
 1.25279e-08
 3.61244e-06
 -8.0122e-19
-3.36339e-07
 2.29344e-05
-5.17105e-18
 8.22477e-19
-7.15839e-07
-9.67933e-19
-4.19953e-06
 2.28281e-08
-2.26514e-06
 4.90294e-19
-2.81452e-07
-2.88564e-05
 5.98936e-18
 7.35883e-19
-1.00651e-06
-4.75297e-19
-6.44979e-07
 2.33041e-08
-5.87381e-07
  6.0822e-19
-3.38317e-07
 1.81795e-05
-2.73583e-18
 7.96036e-19
-6.99027e-07
 1.47786e-18
 5.76969e-06
 2.12233e-08
 2.76106e-06
-3.93052e-19
-5.33925e-07
 5.00822e-06
-2.66413e-18
 7.78835e-19
-8.42119e-07
-1.76454e-18
-8.15457e-06
  1.1566e-08
-2.08384e-06
 1.28362e-20
-7.14424e-07
 -2.5244e-05
 7.36834e-18
 7.36583e-19
-1.09182e-06
 1.06033e-18
 3.99289e-06
-3.02472e-09
 3.61646e-07
 3.48309e-19
-6.34568e-07
 2.61918e-05
-7.42361e-18
 8.61832e-19
-6.46651e-07
 1.02716e-18
  3.4266e-06
-1.82897e-09
  1.5933e-06
 4.05464e-19
-3.31699e-07
-1.02432e-05
 2.85661e-18
 8.20596e-19
-8.09881e-07
-1.71443e-18
 -6.1471e-06
 3.86228e-09
-1.88946e-06
-4.35696e-19
          -0
          -0
          -0
  7.1773e-19
-1.17871e-06
          -0
          -0