-2.26672e-27
           0
       1e-13
     7.92299
   0.0620155
 1.94988e-15
 2.26672e-14
     1.10677
           0
           0
-2.08717e-08
 4.29303e-05
 9.65343e-14
     7.79318
   0.0196033
 1.84336e-16
 2.27446e-14
      1.1038
 1.28995e-15
  -0.0494578
-3.48696e-07
 9.15435e-05
 9.30926e-14
     7.66367
  0.00756326
-4.48629e-17
 2.29039e-14
     1.09688
 1.36515e-15
  -0.0659169
-8.05414e-07
 3.39415e-05
 8.96427e-14
     7.53471
  0.00339729
 6.52852e-17
 2.30677e-14
     1.08857
 1.36425e-15
  -0.0725564
-1.07071e-06
 4.67211e-05
 8.60888e-14
     7.40634
  0.00304908
 1.22331e-16
 2.32373e-14
     1.07963
 1.46244e-15
  -0.0764606
-1.61837e-06
 8.40993e-05
 8.23461e-14
      7.2786
  0.00227684
 9.50826e-17
 2.34197e-14
     1.07026
 1.57702e-15
  -0.0796857
-3.16933e-06
 0.000284485
 7.84425e-14
     7.15153
  0.00261161
 1.01563e-16
  2.3615e-14
     1.06052
 1.67748e-15
  -0.0826454
-5.67688e-06
 0.000244955
 7.45149e-14
     7.02516
  0.00274825
 1.41988e-16
 2.38239e-14
     1.05041
 1.80469e-15
    -0.08589
-8.20246e-06
 0.000251377
 7.06957e-14
     6.89953
  0.00222727
 1.03769e-16
 2.40481e-14
     1.03992
 1.93149e-15
  -0.0889015
-1.06752e-05
 0.000227838
 6.69687e-14
     6.77469
  0.00340695
  1.2665e-18
 2.42822e-14
     1.02905
 1.97124e-15
  -0.0923111
-1.37491e-05
  0.00031455
 6.31681e-14
     6.65067
  0.00234976
-1.59538e-16
 2.45115e-14
     1.01776
 1.84957e-15
  -0.0957944
-1.75494e-05
  0.00035147
 5.91314e-14
     6.52753
  0.00340163
-4.06529e-16
 2.47112e-14
     1.00606
 1.47902e-15
  -0.0992738
-2.12128e-05
 0.000272314
 5.48337e-14
     6.40531
  0.00318435
-6.84534e-16
 2.48472e-14
    0.993906
 7.88558e-16
   -0.103258
-2.44657e-05
 0.000261081
 5.03887e-14
     6.28407
  0.00347513
-7.42136e-16
 2.48881e-14
    0.981274
-1.07362e-16
   -0.107285
-2.76058e-05
 0.000226754
 4.59569e-14
     6.16386
  0.00356473
-4.19657e-16
 2.48309e-14
    0.968144
-8.45638e-16
   -0.111542
-3.11279e-05
 0.000311033
 4.16351e-14
     6.04475
  0.00352873
 7.92714e-17
 2.47148e-14
    0.954502
-1.08989e-15
   -0.115831
-3.56359e-05
 0.000330484
 3.74283e-14
     5.92681
  0.00414821
 3.24446e-16
 2.45962e-14
    0.940324
-8.87163e-16
   -0.120472
-4.09758e-05
 0.000389101
 3.32911e-14
     5.81009
  0.00406631
 9.40872e-17
 2.45022e-14
    0.925569
-6.78728e-16
   -0.125437
 -4.7029e-05
 0.000393842
 2.91499e-14
     5.69468
   0.0045245
 -3.5271e-16
 2.44085e-14
    0.910205
-8.83128e-16
   -0.130629
-5.36139e-05
 0.000425772
 2.49138e-14
     5.58065
  0.00453352
-5.68706e-16
  2.4266e-14
    0.894201
-1.49185e-15
   -0.136102
-6.08778e-05
 0.000459376
 2.05451e-14
     5.46811
  0.00487049
-3.42047e-16
 2.40506e-14
    0.877528
-2.09809e-15
   -0.141784
-6.92562e-05
 0.000504624
 1.61238e-14
     5.35715
  0.00494368
 5.83097e-17
 2.37849e-14
    0.860158
-2.32966e-15
   -0.147712
-7.84661e-05
 0.000520326
 1.18102e-14
     5.24786
  0.00521103
 1.73542e-16
 2.35099e-14
    0.842065
-2.25415e-15
   -0.153846
-8.78627e-05
 0.000483727
 7.68652e-15
     5.14035
  0.00553686
-7.41316e-17
 2.32389e-14
    0.823214
-2.26333e-15
   -0.160337
-9.71722e-05
 0.000479043
 3.67041e-15
     5.03472
  0.00584536
 -4.2503e-16
 2.29447e-14
    0.803561
-2.63907e-15
    -0.16721
-0.000107286
 0.000519281
-3.72558e-16
     4.93112
  0.00584988
-5.67733e-16
 2.25873e-14
    0.783072
-3.31811e-15
   -0.174271
-0.000118463
 0.000526012
-4.49632e-15
     4.82966
  0.00615765
-5.51118e-16
 2.21435e-14
    0.761725
-4.07848e-15
    -0.18152
-0.000130344
 0.000541783
-8.68136e-15
     4.73048
  0.00654704
 -5.1369e-16
 2.16101e-14
    0.739482
 -4.8114e-15
   -0.189188
-0.000144054
 0.000633826
-1.29099e-14
     4.63372
  0.00668801
-4.68109e-16
 2.09915e-14
      0.7163
-5.49933e-15
   -0.197176
-0.000159549
 0.000651407
-1.71409e-14
     4.53954
  0.00705458
-4.48613e-16
 2.02923e-14
    0.692142
-6.15291e-15
   -0.205469
-0.000175942
  0.00065449
-2.12503e-14
     4.44811
   0.0071166
-3.08835e-16
 1.95203e-14
    0.666972
  -6.715e-15
    -0.21402
-0.000194551
 0.000756356
-2.50659e-14
      4.3596
  0.00723072
-7.82376e-17
 1.86939e-14
    0.640771
-7.05781e-15
   -0.222676
 -0.00021531
 0.000759049
-2.85304e-14
     4.27418
  0.00749093
  4.6927e-17
  1.7839e-14
    0.613517
-7.18971e-15
   -0.231557
-0.000235856
 0.000691165
-3.18163e-14
     4.19205
  0.00761389
  5.0159e-17
 1.69728e-14
    0.585183
-7.24752e-15
   -0.240669
-0.000256535
 0.000709307
-3.51718e-14
     4.11341
  0.00765322
 1.09426e-16
 1.61017e-14
     0.55575
-7.27058e-15
   -0.249877
-0.000278633
 0.000728268
-3.86482e-14
     4.03846
  0.00754799
 1.82408e-16
 1.52325e-14
    0.525215
-7.21623e-15
   -0.259044
 -0.00030168
 0.000723187
-4.20037e-14
      3.9674
  0.00761467
  4.0124e-17
 1.43672e-14
    0.493581
-7.20537e-15
   -0.268188
-0.000325382
 0.000726505
-4.49408e-14
     3.90045
   0.0074899
-1.91788e-16
 1.34896e-14
    0.460852
-7.42105e-15
   -0.277295
 -0.00034992
 0.000720174
-4.74185e-14
     3.83783
  0.00728866
-2.80037e-16
 1.25746e-14
    0.427042
-7.82956e-15
   -0.286206
-0.000374853
 0.000700942
-4.96784e-14
     3.77974
  0.00698513
-6.79154e-17
 1.16151e-14
    0.392181
-8.16171e-15
   -0.294811
-0.000400627
  0.00073083
-5.19678e-14
      3.7264
  0.00637433
 1.80523e-16
 1.06326e-14
     0.35632
-8.21292e-15
   -0.302865
-0.000428448
 0.000781565
-5.42732e-14
     3.67802
  0.00577674
 7.53372e-17
 9.64949e-15
    0.319537
-8.17291e-15
   -0.310189
-0.000458103
 0.000790149
-5.63919e-14
      3.6348
  0.00460172
-2.50705e-16
 8.65593e-15
    0.281939
-8.38632e-15
   -0.316445
-0.000488732
 0.000809646
 -5.8201e-14
     3.59691
  0.00279185
-4.13438e-16
 7.61961e-15
    0.243698
-8.88571e-15
   -0.320902
-0.000519815
 0.000795511
-5.97811e-14
     3.56454
-0.000544911
-2.08009e-16
 6.52559e-15
    0.205109
  -9.348e-15
   -0.322256
-0.000549119
 0.000723978
-6.12536e-14
     3.53781
 -0.00685812
 1.60173e-16
  5.3977e-15
    0.166706
 -9.4502e-15
   -0.317794
-0.000575154
  0.00067869
-6.25844e-14
     3.51684
  -0.0191529
 4.87439e-16
 4.28372e-15
    0.129511
-9.11608e-15
   -0.302118
-0.000597415
  0.00062082
-6.36137e-14
     3.50156
  -0.0441387
   1.064e-15
 3.24367e-15
   0.0955454
-8.21812e-15
   -0.263976
-0.000612955
 0.000520829
-6.42674e-14
     3.49133
   -0.095589
 2.75539e-15
  2.3945e-15
   0.0689206
 -5.9346e-15
    -0.17977
-0.000618574
 0.000535534
 -6.4675e-14
     3.48311
   -0.202717
 7.10006e-15
 2.03843e-15
   0.0581344
           0
           0