-1.44448e-30
          -0
-3.27216e-44
-6.17381e-08
 3.63925e-05
 3.22073e-18
 1.44448e-17
-1.08735e-06
          -0
          -0
-2.58165e-09
-4.44313e-06
 6.90211e-18
 2.18897e-06
-0.000111786
-5.30719e-18
 1.43416e-17
 1.44401e-06
-1.25399e-18
 4.56893e-05
 4.14215e-08
 8.64893e-06
  1.0886e-17
 1.03814e-06
 0.000288908
 5.07343e-18
 1.42471e-17
-1.04025e-06
-1.41406e-18
 -6.1627e-05
 2.72306e-08
-1.45099e-05
 1.10885e-17
 2.17778e-08
-0.000384207
 4.19261e-18
 1.44111e-17
 5.61837e-07
  4.1838e-18
-3.97153e-06
-4.43479e-08
 2.41515e-05
 1.02676e-17
 1.91228e-06
 0.000345351
 2.02518e-18
 1.51128e-17
-4.55629e-07
 7.94217e-18
 1.96138e-05
-8.63081e-08
-2.99037e-05
 9.08743e-18
-5.37574e-07
-0.000282195
 -3.5218e-18
 1.59808e-17
   7.663e-07
 7.02381e-18
 -1.8615e-05
-7.59826e-09
 3.44767e-05
 9.09429e-18
  5.7718e-06
 6.61991e-05
-7.81783e-18
 1.64512e-17
 8.98765e-07
 1.72161e-19
 0.000112189
 8.65885e-09
-3.41411e-05
  8.2133e-18
-2.45776e-06
 0.000298544
-1.24561e-18
 1.61816e-17
-1.22689e-06
-5.33773e-18
-0.000108617
-1.17756e-08
 2.58546e-05
  7.4686e-18
 4.01318e-06
 -0.00049405
 2.77585e-18
 1.55527e-17
 1.28092e-06
-4.44808e-18
 9.68047e-06
-4.47375e-08
-1.29871e-05
 7.17792e-18
-1.41668e-06
 0.000488192
 9.45435e-18
 1.54167e-17
-1.47574e-06
 2.94154e-18
 1.33086e-05
-1.10774e-08
-2.23357e-06
 7.51907e-18
 1.33671e-06
-0.000482091
 1.46011e-18
 1.61656e-17
 2.19756e-06
 9.54294e-18
 9.54642e-06
-2.46863e-08
 1.37345e-05
 8.65966e-18
 6.83738e-07
 0.000413591
-8.67906e-19
 1.73811e-17
-1.88933e-06
 9.89924e-18
 5.10387e-05
 1.52526e-09
-1.77958e-05
 1.26861e-17
  1.6601e-06
-0.000188762
-6.18711e-18
 1.83357e-17
 1.23352e-06
 5.59698e-18
-8.45247e-05
-5.83778e-08
 1.92203e-05
 1.91801e-17
 6.35893e-07
-3.15119e-05
-4.65027e-18
 1.86075e-17
-1.32454e-06
-9.92597e-19
 4.78904e-05
-1.06008e-07
-2.04394e-05
 2.48183e-17
 5.24531e-07
 0.000131108
-1.26714e-18
 1.82275e-17
 1.04212e-06
-4.58689e-18
-1.21127e-05
-1.10593e-08
   1.819e-05
 2.52642e-17
 2.61404e-06
 -0.00014466
  6.5642e-19
 1.76957e-17
-3.38276e-07
-4.99298e-18
-3.89385e-06
-6.87141e-08
-1.16493e-05
 2.11116e-17
-1.76708e-06
 0.000127826
 4.26353e-18
 1.72723e-17
 5.03922e-07
-2.04258e-18
 6.26381e-06
-1.19515e-07
 9.28878e-06
 1.69269e-17
 1.31537e-06
-0.000106179
 -1.1058e-18
 1.71189e-17
-1.19464e-08
-1.65808e-19
-6.86161e-06
  -2.033e-07
-5.56925e-06
 1.77865e-17
-2.07259e-06
 9.52516e-05
 6.38902e-18
 1.73076e-17
 5.69896e-08
 2.99043e-18
  3.4388e-07
-2.09114e-07
 3.18481e-06
 2.25228e-17
 1.64943e-06
-0.000100531
 4.40748e-19
 1.79088e-17
 2.15178e-07
 7.07818e-18
 2.95926e-06
 -9.1056e-08
-1.96425e-06
 2.73927e-17
 7.66821e-07
 9.38239e-05
-8.55747e-18
 1.84122e-17
 7.21536e-08
 2.13717e-18
 7.32367e-06
-8.06993e-08
-1.44056e-07
 2.70421e-17
-7.30377e-07
-6.30935e-05
-1.89783e-18
 1.83471e-17
  3.1348e-07
-4.22888e-18
-1.13016e-05
  -7.373e-08
 7.47582e-07
 2.34367e-17
 2.03682e-06
 4.09857e-05
-5.73872e-18
 1.75186e-17
-1.71807e-07
 -8.8882e-18
 2.21345e-06
-1.42713e-07
 9.21137e-07
 2.12676e-17
-8.39238e-07
-3.68735e-05
 1.29964e-17
 1.67697e-17
-1.19468e-07
-4.55371e-18
-6.74466e-07
-1.38026e-07
  2.8327e-07
 2.25255e-17
 3.83669e-06
 1.49636e-05
 6.69591e-19
 1.66254e-17
 9.56591e-08
 3.64847e-18
 1.22599e-05
-5.26566e-08
-2.98275e-06
 2.65082e-17
-1.39307e-06
 3.06234e-05
-3.25132e-18
 1.69944e-17
 2.56401e-07
 2.02874e-18
-1.49142e-05
 -8.3813e-08
 4.65642e-06
 2.83043e-17
 1.02322e-06
 -6.4195e-05
 4.11125e-18
 1.72987e-17
-1.80372e-07
 2.47619e-18
 5.30132e-06
-9.90607e-08
-1.40229e-06
 3.04664e-17
-1.07136e-06
 5.55331e-05
-5.36723e-18
 1.75056e-17
 3.34576e-07
 1.65912e-18
 1.06145e-05
-1.30315e-07
 1.62035e-06
 3.15987e-17
 -1.6266e-07
-1.70584e-05
 3.88905e-18
 1.76618e-17
 4.57441e-07
 6.79345e-19
-1.22334e-05
-1.07246e-07
 1.22222e-06
 3.28147e-17
 8.46774e-07
-1.41494e-05
-9.43879e-18
 1.75273e-17
-2.80694e-07
-2.75004e-18
 6.59781e-06
-8.00513e-08
 -2.3229e-06
 3.50517e-17
-2.01374e-09
 1.85787e-05
-4.77771e-18
 1.66525e-17
 3.41501e-07
-1.14142e-17
  3.7721e-06
-1.62022e-07
 2.13768e-06
  3.4796e-17
-1.97869e-06
 6.89868e-06
  -6.827e-19
 1.50838e-17
  5.4624e-07
-1.48064e-17
-1.13598e-05
-1.93963e-07
 1.35691e-07
 3.31283e-17
-1.74128e-07
-1.86396e-05
 1.15958e-17
 1.37331e-17
-4.77351e-07
 -8.3253e-18
-4.36674e-06
-1.41673e-07
 8.77396e-07
  3.1537e-17
-2.13389e-07
-1.71065e-05
 1.18399e-17
 1.35997e-17
 -3.4122e-08
 5.73106e-18
 1.64206e-05
-1.30333e-07
-5.63235e-07
 3.17724e-17
-1.08069e-06
 6.42394e-05
-9.46747e-18
  1.4314e-17
 2.45371e-07
 7.06374e-18
-1.17623e-05
 -1.7636e-07
-1.67858e-07
 2.95181e-17
-1.80421e-06
  -7.913e-05
-7.37456e-18
 1.46056e-17
-1.96076e-08
-3.21049e-18
-2.32063e-06
-2.43571e-07
 2.66918e-06
 2.68867e-17
 6.99658e-09
 4.23174e-05
-1.55899e-17
 1.33098e-17
 5.37528e-08
 -1.7175e-17
   1.921e-05
-1.68145e-07
-1.47817e-06
 2.70112e-17
 4.28779e-07
 2.35434e-05
 1.00921e-17
 1.11252e-17
 5.92757e-08
-2.05952e-17
-2.04513e-05
 -1.9039e-07
 2.73144e-06
 2.84802e-17
-2.10177e-06
-7.11805e-05
  1.3814e-17
 9.48917e-18
-1.69103e-08
-6.28535e-18
 8.18149e-06
-2.85598e-07
-1.52699e-06
 3.08226e-17
-1.22132e-06
  8.5541e-05
 2.46564e-18
 9.31349e-18
 -3.7943e-08
 3.43406e-18
-1.98705e-07
-2.78352e-07
 7.75509e-07
 2.81761e-17
-6.85393e-07
-7.45553e-05
-2.99813e-18
  9.7362e-18
 4.02363e-07
 3.01432e-18
-6.79619e-06
-2.33631e-07
 1.61606e-06
 2.49784e-17
 8.10565e-07
 5.57224e-05
-1.36186e-17
 9.44686e-18
   1.467e-07
-7.11655e-18
 4.53515e-06
-2.77685e-07
-1.45341e-06
   2.451e-17
-2.94222e-06
 -3.5985e-05
 2.56481e-18
 8.18322e-18
 6.34398e-08
-1.38809e-17
-7.25616e-06
-2.88277e-07
 2.75417e-06
 2.75488e-17
 2.17819e-06
-2.24609e-06
 7.22213e-18
 6.87159e-18
 2.49469e-07
 -8.0763e-18
 1.53567e-05
-3.11091e-07
-2.57366e-06
 3.03206e-17
-4.42118e-06
 5.95984e-05
 3.39416e-18
 6.27927e-18
-2.05154e-07
-1.75901e-18
-1.89337e-05
-3.39927e-07
 2.26473e-06
 2.96842e-17
 2.06894e-06
-0.000107006
-5.76087e-18
 5.97727e-18
 -2.1932e-07
-3.26095e-18
 9.69762e-06
-2.33954e-07
-1.28961e-06
 2.79786e-17
 -6.2642e-07
 0.000114342
-7.62575e-18
 5.10062e-18
  1.6361e-08
-1.13865e-17
 5.56373e-06
-2.91929e-07
 2.05544e-06
 2.85889e-17
-1.87796e-06
-7.83696e-05
 4.75526e-19
 3.46861e-18
-3.32415e-07
-1.57437e-17
  -1.671e-05
-3.83989e-07
-5.04635e-07
  3.2583e-17
 9.22984e-08
 2.65793e-05
 1.03701e-17
 1.97489e-18
-3.65878e-07
-9.22497e-18
 1.51523e-05
-3.93647e-07
 1.94438e-06
 3.95772e-17
-1.10127e-07
-1.89223e-06
 4.94088e-18
 1.41859e-18
 5.43259e-07
          -0
          -0