           0
           0
           0
           0
           0
 8.01484e-09
  9.3647e-07
-2.26084e-18
-2.31739e-24
-5.30821e-12
-4.89676e-10
-1.89494e-07
-1.38904e-17
   -1.12e-22
    -8.4e-10
 -8.8835e-09
 2.08001e-07
-5.73221e-18
 2.85541e-24
  1.1366e-11
-3.85695e-10
-1.42091e-07
-1.37828e-17
   2.624e-22
  -6.112e-09
-1.93328e-08
-9.08317e-07
-7.13457e-18
-2.08272e-24
 1.52612e-11
-3.83727e-10
 1.37752e-07
-1.38004e-17
    -8.8e-24
  2.2152e-08
 1.05049e-08
-1.87276e-07
-6.97416e-18
 4.08996e-25
-6.68311e-12
-4.83074e-10
 1.03494e-07
-1.42124e-17
  -1.032e-22
  -7.824e-09
 1.62878e-08
-6.38595e-07
-6.32463e-18
 3.92224e-25
-1.80193e-11
 -5.7122e-10
-3.65782e-07
-1.49659e-17
    -1.2e-22
   4.648e-09
 3.94239e-08
 6.69166e-08
-5.93338e-18
-1.77477e-24
-5.12512e-12
-6.26684e-10
-5.44112e-07
-1.56142e-17
   1.544e-22
 -2.1928e-08
-2.57377e-08
 8.29799e-07
-5.58369e-18
 3.50493e-24
 7.62311e-12
-6.16274e-10
-1.16532e-07
-1.57065e-17
   1.616e-22
   -9.36e-09
 2.21445e-08
-6.44623e-07
-5.04498e-18
-9.24675e-25
-1.13403e-12
-5.37683e-10
 2.14004e-07
-1.52737e-17
  -1.672e-22
  3.3776e-08
-1.06551e-08
-2.14862e-07
-4.73678e-18
 8.56448e-25
-1.45204e-11
-3.89229e-10
-6.16223e-08
-1.49065e-17
  -1.824e-22
 -1.6544e-08
 2.16265e-08
  1.1018e-06
-4.80528e-18
-3.01131e-24
 1.01522e-11
 -1.8996e-10
-3.04387e-07
-1.52033e-17
      -8e-25
   9.208e-09
 3.03886e-09
-5.96745e-08
 -5.2993e-18
 2.34686e-25
-3.95619e-12
-1.87905e-10
-8.45376e-08
-1.61512e-17
    1.96e-22
 -3.0888e-08
 1.34173e-08
-1.13953e-06
-6.97112e-18
 8.33967e-25
-1.84024e-10
-4.76075e-10
 1.89557e-07
-1.72064e-17
   9.944e-23
  2.0528e-08
 1.34994e-09
 1.08365e-07
-1.03473e-17
-2.94821e-26
 3.24813e-10
-6.41885e-10
 1.91842e-07
-1.78057e-17
  -1.792e-23
   -1.44e-09
 3.37296e-08
 1.10101e-06
-1.42679e-17
 2.90473e-25
-8.60575e-11
-4.76984e-10
-2.26928e-08
-1.77493e-17
  -1.808e-22
     8.8e-10
 3.04816e-08
 -3.9593e-07
-1.62422e-17
 1.41806e-24
-1.49515e-11
-2.89255e-10
-1.84201e-07
-1.72888e-17
  1.7176e-22
   -1.68e-09
 -2.4923e-09
-1.03235e-06
-1.50427e-17
-1.89676e-24
 1.23583e-11
 -2.3167e-10
-1.99053e-07
  -1.681e-17
    -4.8e-24
     2.8e-09
 4.90867e-08
-1.69686e-07
-1.23699e-17
 2.36358e-25
  1.2229e-11
-1.69836e-10
-1.52974e-07
-1.65315e-17
  -8.368e-23
   -1.92e-09
 4.82366e-08
-4.12101e-07
-1.12491e-17
 1.94148e-26
-2.37214e-10
-7.78749e-11
-8.10939e-08
-1.65678e-17
    7.68e-23
    1.84e-09
 9.38415e-08
-3.86943e-09
-1.31276e-17
 1.24659e-24
 2.26454e-10
-9.40716e-12
-9.59165e-08
-1.69626e-17
  -1.152e-23
    -1.6e-10
 5.40759e-08
 3.94207e-07
-1.62619e-17
-1.80719e-25
-1.21633e-10
 2.43847e-11
-1.58825e-07
-1.74937e-17
  -1.984e-22
   -3.04e-09
 2.80592e-08
 5.24753e-08
-1.76519e-17
 7.38839e-25
 2.19054e-11
-3.72636e-11
-1.78233e-07
-1.76829e-17
   2.416e-22
    1.92e-09
 4.00462e-08
 2.08363e-07
-1.63955e-17
-2.29447e-24
-6.30031e-11
-2.10186e-10
-6.45867e-08
-1.72392e-17
  -1.656e-22
     2.4e-10
 3.00605e-08
-8.51757e-07
-1.44291e-17
-9.13455e-25
 1.60502e-10
-4.52933e-10
 1.40818e-07
-1.64854e-17
   2.304e-22
    -1.6e-10
 7.17645e-08
-1.70187e-07
 -1.4273e-17
 7.91596e-25
 1.19102e-10
-5.36093e-10
 8.91418e-09
-1.60687e-17
    -3.6e-22
   -1.92e-09
 1.76835e-08
 9.36908e-07
-1.59506e-17
 3.50217e-25
-1.39644e-10
-2.60842e-10
-1.82395e-07
 -1.6187e-17
   1.136e-22
    1.28e-09
 3.43868e-08
 -9.3468e-07
-1.77816e-17
 7.01279e-25
 1.90272e-11
  2.8772e-11
-6.00994e-09
-1.65014e-17
    1.36e-22
     5.6e-10
 2.64846e-08
-5.60425e-07
-1.91351e-17
-1.89843e-24
-3.20898e-11
 8.57904e-11
-9.83874e-08
-1.67481e-17
  -1.648e-22
   -1.76e-09
  4.9655e-08
-3.62866e-07
-2.01289e-17
 3.05732e-24
-1.50264e-10
 1.35603e-10
-3.68809e-07
-1.69179e-17
    6.32e-23
     8.8e-10
  4.8211e-08
-9.18623e-07
-2.09772e-17
 -3.0371e-24
 6.86934e-13
 9.30376e-11
-8.65892e-08
-1.69279e-17
   -4.08e-23
    -1.6e-09
  3.2828e-08
 4.99775e-07
 -2.2016e-17
 3.32391e-25
 6.16888e-11
-1.21078e-10
 -4.3408e-08
 -1.6446e-17
      -1e-22
 9.48677e-20
 4.02349e-08
 5.58692e-09
-2.26499e-17
 1.29007e-24
-9.58788e-11
 6.51928e-11
-4.09041e-07
-1.52604e-17
    1.84e-23
    2.64e-09
 7.49511e-08
-8.57223e-07
-2.19957e-17
 2.03338e-24
 3.56077e-11
 4.28032e-10
-4.11227e-08
-1.38504e-17
   1.488e-22
    -3.2e-10
 6.20432e-08
-3.10974e-07
-2.10068e-17
-2.21432e-24
 3.09887e-10
 3.43068e-10
  2.4893e-07
-1.31366e-17
    8.88e-23
   -1.12e-09
 5.16927e-08
 2.28252e-07
-2.06685e-17
 1.47854e-25
 -9.6931e-11
 3.20728e-10
 -1.0732e-07
-1.34227e-17
  -2.136e-22
 1.49078e-19
 5.50358e-08
-3.49594e-07
-1.99107e-17
-8.50337e-25
-1.86189e-10
 3.51875e-10
-1.06952e-07
 -1.3896e-17
   2.416e-22
    2.32e-09
  8.5659e-08
-3.10942e-07
-1.83393e-17
  3.2526e-24
 2.68636e-10
 2.49563e-10
-5.04303e-09
-1.34112e-17
  -2.904e-22
   -3.76e-09
 8.50739e-08
-4.63043e-07
-1.73745e-17
-1.82035e-24
-2.06351e-11
  2.8813e-10
 -7.0905e-08
-1.17486e-17
   3.264e-22
     3.2e-10
 5.54328e-08
-7.97681e-07
-1.79909e-17
-2.06223e-26
 3.46234e-11
 3.37508e-10
-3.50512e-09
-9.91676e-18
   -9.28e-23
    2.64e-09
 9.60383e-08
 2.43051e-07
-1.93127e-17
 1.48609e-24
-1.09615e-10
 3.62923e-10
 9.37022e-09
-9.04899e-18
   -1.84e-23
      -2e-09
 1.11217e-07
  -4.023e-07
-1.92005e-17
-2.40934e-24
-1.13371e-11
 3.60412e-10
-1.65942e-07
-9.14758e-18
   1.432e-22
    3.44e-09
 1.03246e-07
-2.58206e-07
-1.73104e-17
 2.16682e-24
 9.39813e-12
 3.30833e-10
-2.60559e-07
-9.20931e-18
  -1.728e-22
    -4.8e-10
 8.46687e-08
-4.21853e-07
-1.59991e-17
-1.28838e-24
-4.28573e-11
 2.61171e-10
-1.13261e-07
-8.47348e-18
   -1.52e-23
     3.2e-10
 1.26375e-07
-2.80783e-07
 -1.6879e-17
  1.9085e-24
  1.7234e-10
 2.10805e-10
 -1.3355e-07
-7.24937e-18
    2.32e-23
    -1.2e-09
 9.31237e-08
 1.85944e-07
-1.88131e-17
  -2.323e-25
-1.10227e-10
  3.7171e-10
-4.25688e-08
-6.33293e-18
    -8.8e-24
    -9.6e-10
 1.47234e-07
-5.73815e-07
 -1.9533e-17
-9.87567e-25
-2.45438e-11
 3.31409e-10
 2.23454e-07
-5.88931e-18
    -3.2e-24
    2.16e-09
  9.9488e-08
 5.81301e-07
-1.87336e-17
-1.35906e-24
-1.14383e-10
 2.11627e-10
 8.33877e-08
-5.31839e-18
     8.8e-24
   -2.72e-09
 9.90098e-08
-1.02893e-06
-1.83274e-17
  1.8893e-24
 2.37362e-10
 3.07952e-10
 1.65345e-07
-4.12169e-18
   -1.68e-23
    1.28e-09
 1.33732e-07
-8.54785e-08
-1.98174e-17
-7.88638e-25
-2.60338e-10
 9.84103e-11
 3.25465e-07
-2.63267e-18
    1.76e-23
     2.4e-10
 1.50062e-07
-5.69057e-07
-2.34627e-17
-4.16728e-25
 1.09923e-10
 -5.8728e-11
-7.54555e-08
-1.65922e-18
   -1.12e-23
-2.71051e-20
           0
           0
           0
           0
           0