 1.73192e-20
          -0
-2.48749e-21
-7.06835e-08
 1.48398e-05
 3.10097e-06
-1.74969e-09
 5.54731e-07
          -0
          -0
-3.29241e-09
 5.58976e-07
-9.88621e-07
 -5.5772e-08
-2.57407e-06
-2.13571e-06
 3.33279e-08
 1.04482e-07
 5.84626e-07
-7.42739e-06
-3.19167e-09
-2.46333e-07
 1.23859e-06
  3.4408e-09
-7.73266e-06
 4.56216e-07
 4.24821e-08
-4.18079e-07
-4.32055e-07
-1.19072e-06
-5.85055e-10
 4.43902e-07
 5.88352e-08
 1.06326e-07
 7.58977e-07
 1.61744e-06
 6.59249e-08
-3.06488e-07
 8.22767e-07
 3.03036e-06
-1.57552e-09
 9.02296e-08
-1.26371e-06
 1.91941e-07
-1.37082e-06
-3.55699e-06
 9.42627e-08
 8.38739e-08
 -3.5047e-07
 3.40201e-06
-1.42724e-09
-2.05994e-06
 5.36814e-07
 2.22633e-07
 6.95812e-06
 3.85737e-06
 6.30846e-08
 2.91854e-07
-1.69165e-07
 2.33553e-08
 2.28036e-09
-3.62556e-07
 4.78936e-07
 1.68962e-07
-1.38013e-06
-2.14041e-06
 1.05112e-07
 8.96479e-08
 8.69628e-07
-3.35181e-06
 4.84746e-09
 2.58234e-06
-1.82407e-07
 4.24711e-08
-4.58178e-06
 -3.2344e-06
 1.44557e-08
-9.87538e-08
-2.38057e-06
 2.52412e-07
 6.16821e-09
 3.11921e-07
 2.46591e-07
-4.06573e-08
 4.34107e-06
 8.34824e-06
-8.57369e-08
-5.91531e-08
 7.10696e-07
 3.98648e-07
 5.84413e-09
-1.39177e-06
-1.92131e-08
-1.04288e-07
-5.67169e-06
-5.18006e-06
 1.14501e-07
 3.83355e-08
 2.62661e-06
 1.20304e-06
 1.89999e-09
 5.09394e-07
-5.08484e-07
-1.90832e-07
 4.91845e-06
-3.50803e-06
 1.14625e-07
 2.12722e-07
-2.62454e-06
 1.65995e-06
-4.03325e-09
-5.53467e-07
-4.39567e-07
-2.03541e-07
 4.22111e-06
 8.21182e-06
-2.98112e-08
 7.83673e-08
 2.17273e-07
  -3.864e-06
-7.46104e-09
-8.39224e-07
 3.03469e-07
-1.89626e-07
-1.08452e-05
-5.06648e-06
 1.10326e-07
-1.49091e-07
 2.11835e-06
 1.35766e-07
-6.61483e-09
  1.6558e-06
 4.25372e-07
-1.86487e-07
 6.02229e-06
 -1.0414e-06
 1.43139e-07
 4.55501e-08
-1.57146e-06
 3.05165e-06
-5.06035e-09
 5.00506e-07
-2.93553e-07
 -1.4385e-07
 2.52008e-06
  3.6286e-06
 4.83038e-08
 1.03264e-07
-9.12919e-09
-2.10746e-06
-5.08761e-09
-8.46943e-07
-4.17999e-07
-1.13214e-07
 -4.3474e-06
-3.80629e-06
 4.07943e-08
-8.72621e-08
 -1.1603e-07
-1.00611e-06
-5.43938e-09
 7.41436e-08
 7.88583e-08
-5.07656e-08
 2.03156e-06
 3.22908e-06
 5.93878e-09
 -1.2488e-07
-4.64894e-07
 3.92088e-07
-4.40124e-09
 2.11541e-07
 5.86106e-07
 6.74761e-08
-3.11803e-06
-4.47792e-07
 5.08977e-08
-3.65008e-08
 1.21421e-06
 1.04864e-06
 -4.5777e-09
-4.23239e-07
-1.93498e-07
 1.56295e-07
 5.27402e-06
-2.67209e-06
 8.36321e-08
 1.24619e-08
-6.68637e-07
 -2.5159e-07
 -9.0224e-09
-9.06112e-07
-8.10732e-07
 2.19716e-07
-2.55042e-06
 4.13498e-06
 5.63391e-08
-1.19749e-07
 2.13754e-07
-1.89732e-06
 -1.1649e-08
 7.74849e-07
 1.60578e-07
 1.89518e-07
-6.91286e-06
-3.22928e-06
 1.14799e-07
-1.63424e-09
 7.60582e-07
 3.81384e-06
-1.13322e-08
 8.58281e-07
 1.40549e-07
  5.3688e-08
 1.10135e-05
-6.27592e-07
 6.64693e-08
 3.16974e-07
-1.56608e-06
 1.34617e-06
-1.34145e-08
-1.53459e-06
-1.58959e-07
-6.51328e-08
 -2.1299e-06
 4.20224e-06
 7.87871e-09
 1.51804e-07
 5.89573e-07
 -4.0156e-06
-1.60473e-08
 2.63309e-07
-2.29675e-08
-1.92914e-07
-4.74138e-06
-2.96018e-06
 1.23588e-07
-8.95987e-08
 1.33892e-06
 1.23184e-07
-1.88331e-08
  1.6313e-06
-2.56058e-07
-3.00569e-07
 6.07587e-06
-4.73947e-07
 1.60025e-07
-1.24324e-07
-7.31642e-07
-6.81638e-07
-2.01912e-08
-8.62764e-07
 1.18209e-07
-3.05436e-07
-7.51946e-06
 7.43712e-07
 8.19812e-08
-1.55161e-07
-5.69093e-07
 1.87153e-07
-2.14212e-08
-1.01806e-06
-3.42419e-07
-2.68205e-07
 2.51946e-06
-4.12212e-07
 2.56804e-08
 5.72256e-08
-3.69253e-07
 3.20738e-06
-2.45999e-08
 1.66153e-07
-3.24306e-07
-2.31745e-07
 7.99396e-06
 1.64167e-06
 2.58141e-08
 6.21979e-08
 3.71481e-07
 -3.1282e-06
-1.88842e-08
 4.89351e-07
 6.76763e-07
 -2.4988e-07
-1.27768e-05
-1.81308e-06
 6.42067e-08
-1.51172e-07
 2.68395e-07
-2.54966e-07
 -1.4449e-08
 6.11943e-07
-4.71299e-07
-2.73133e-07
 6.14967e-06
 6.83358e-07
 5.55762e-08
 7.01942e-08
-4.12237e-07
 3.74788e-06
-2.21407e-08
-3.88206e-07
-5.99979e-07
-2.03254e-07
  8.6939e-06
 1.14436e-06
 7.21544e-08
-2.22428e-08
  6.8854e-07
-5.19825e-06
 -2.2784e-08
-5.28021e-07
 4.99343e-07
-1.28698e-07
-1.73548e-05
-2.28687e-06
 1.13511e-07
-3.55789e-07
 7.39032e-10
-1.16008e-09
-2.52261e-08
 8.45192e-07
-4.57481e-07
-5.05796e-08
 7.93265e-06
 1.48244e-06
 8.45287e-08
 1.25002e-08
-4.83778e-07
 5.69841e-06
-3.94967e-08
-1.14756e-07
-4.83472e-07
 -9.7479e-09
 7.22059e-06
-3.91922e-07
  6.5869e-08
 1.61379e-07
 1.72782e-07
-3.41604e-06
-4.31946e-08
-2.13544e-06
  3.3074e-07
-5.11383e-08
-1.12685e-05
-2.06478e-07
 6.49942e-08
-1.30146e-07
-1.87361e-07
-1.00534e-06
-4.13498e-08
  6.4896e-07
-8.65257e-08
-4.83444e-08
 7.10687e-06
 1.19241e-06
 7.81064e-08
-9.67611e-08
 4.05898e-07
 1.50517e-06
-4.41162e-08
 3.39127e-06
-8.10897e-08
-7.22518e-08
-6.06444e-06
-2.10834e-06
 9.37614e-08
 6.62641e-08
-1.44981e-07
  8.9758e-07
-4.20099e-08
-4.09445e-07
 1.39674e-07
-5.15944e-08
 3.63178e-06
 1.73154e-06
 6.27554e-08
 2.94218e-07
-3.71785e-07
 2.39818e-06
-4.20059e-08
-1.90274e-06
-1.30194e-07
 1.51394e-08
 9.63933e-06
-2.00629e-07
 7.34002e-08
 6.47551e-08
 5.49198e-07
-5.63801e-06
-4.79176e-08
 8.41316e-07
-1.08072e-07
-3.79759e-08
 -2.1191e-05
-1.98911e-06
 6.02989e-08
 -2.5547e-07
-7.67554e-07
 1.24804e-06
-5.29159e-08
-6.29725e-07
-8.96212e-08
 6.85704e-08
 1.40177e-05
 2.60658e-06
 -9.5514e-09
  2.7168e-07
-3.96618e-07
 5.71706e-06
 -6.9789e-08
-1.27287e-06
-4.81181e-07
 2.16388e-07
 8.62508e-06
 1.65292e-08
  3.7485e-08
 9.10333e-08
 1.18056e-06
-7.99599e-06
 -9.5158e-08
 9.96883e-07
-3.13706e-07
 7.58414e-08
-2.63377e-05
-1.54353e-06
  1.2409e-07
-3.69837e-07
 2.62852e-07
 2.51002e-06
-9.64187e-08
  1.0045e-07
 2.36454e-07
-1.49819e-07
 1.93156e-05
-6.24792e-07
 7.74394e-08
 5.02508e-07
-1.04036e-06
 7.14603e-06
-9.12117e-08
 2.23463e-07
-7.56291e-08
-1.25316e-07
 8.29439e-06
  2.1246e-06
 6.66335e-09
 2.54116e-07
-1.39243e-07
-9.65862e-06
-1.11734e-07
 8.92048e-07
-3.62907e-07
 5.39397e-09
-2.31932e-05
  1.4627e-08
 6.70706e-08
-9.57898e-07
 1.14603e-06
-1.32775e-06
-1.31354e-07
 -1.2284e-06
-3.48705e-08
-2.03571e-07
 9.53186e-06
-3.66649e-06
  7.2948e-08
-2.03912e-07
-1.04808e-06
 7.33403e-06
-1.37662e-07
 1.38478e-07
-4.06843e-08
-2.01679e-07
 5.51113e-06
 4.45847e-06
-2.42795e-08
 6.76169e-07
-5.72381e-07
-1.25604e-06
-1.45141e-07
 1.93136e-06
-1.88455e-07
 4.41555e-08
-4.08049e-06
-1.78385e-06
 3.44469e-09
 8.03445e-08
 1.03445e-06
-2.32932e-06
-1.49534e-07
-3.27353e-06
 6.65915e-09
-2.09875e-08
          -0
 6.20589e-08
 6.55117e-08
-3.44134e-07
          -0
          -0