 1.42168e-12
           0
 9.89843e-12
     7.18378
-5.14238e-05
  -0.0207003
   -0.142651
     1.57079
           0
           0
-1.57167e-08
  0.00011797
 -5.8471e-06
     7.04006
 -5.0655e-07
 -0.00725585
   -0.143666
     1.57079
  -0.0169246
 3.14445e-05
-5.21517e-08
  6.1718e-05
-1.92071e-05
     6.89637
 1.20683e-05
 -0.00297905
   -0.146069
     1.57079
  -0.0231196
  2.4457e-05
 -1.3073e-07
-6.74919e-05
  -3.892e-05
     6.75274
 2.66018e-05
 -0.00150959
   -0.149006
      1.5708
   -0.025836
 1.06163e-06
-2.80144e-07
-0.000107317
-6.80855e-05
     6.60918
 0.000127719
 -0.00124731
   -0.152207
     1.57079
  -0.0275041
-9.23274e-05
-5.27312e-07
-4.06848e-05
-9.61974e-05
     6.46569
-1.36044e-05
 -0.00123531
   -0.155597
     1.57077
  -0.0290059
-0.000161435
  -8.955e-07
 2.76934e-05
-0.000126497
     6.32228
-0.000251612
 -0.00116008
   -0.159165
     1.57076
  -0.0304547
-1.08158e-06
 -1.3938e-06
  2.6473e-05
-0.000148268
     6.17896
-5.31162e-05
 -0.00122024
   -0.162906
     1.57078
  -0.0318941
 0.000183262
-1.94831e-06
 -1.9648e-06
-0.000135285
     6.03572
 0.000197165
 -0.00130828
   -0.166825
     1.57079
  -0.0334229
 9.62721e-05
-2.52602e-06
-5.94688e-06
-0.000140455
     5.89258
 4.60717e-05
 -0.00137211
   -0.170933
      1.5708
  -0.0350432
-5.07595e-05
 -3.2458e-06
 3.88947e-05
-0.000181981
     5.74955
-1.91442e-05
  -0.0015087
   -0.175243
     1.57079
  -0.0367844
-6.70826e-05
-4.13645e-06
 9.05574e-05
-0.000197181
     5.60662
 2.04591e-05
 -0.00169922
   -0.179773
     1.57078
  -0.0387229
  -6.793e-05
-5.14371e-06
 7.78963e-05
 -0.00021154
     5.46382
-0.000132637
 -0.00183617
   -0.184548
     1.57078
  -0.0408589
 -1.9131e-07
  -6.356e-06
 5.99044e-05
  -0.0002573
     5.32114
-7.13135e-05
 -0.00190386
   -0.189587
     1.57078
  -0.0431181
 0.000123074
-7.84215e-06
 8.61681e-05
-0.000291841
      5.1786
  0.00012273
 -0.00205136
   -0.194904
      1.5708
  -0.0455069
 9.21413e-05
-9.54693e-06
 8.86975e-05
-0.000307917
     5.03622
 5.48082e-05
 -0.00230433
   -0.200523
      1.5708
  -0.0481371
-1.50295e-05
-1.14176e-05
 5.14283e-05
-0.000316221
       4.894
-2.22666e-05
 -0.00254027
   -0.206475
      1.5708
  -0.0510621
-3.47118e-05
-1.34471e-05
   2.296e-05
-0.000326249
     4.75196
 3.35151e-05
 -0.00269914
   -0.212792
     1.57079
  -0.0542248
-4.15504e-05
-1.57039e-05
 1.85781e-05
-0.000350607
     4.61012
 4.45842e-05
 -0.00290691
   -0.219502
     1.57079
  -0.0576082
-8.87832e-05
-1.82708e-05
-2.54109e-07
-0.000375802
      4.4685
-7.75516e-05
 -0.00329054
   -0.226639
     1.57078
  -0.0613479
-6.90233e-05
-2.12212e-05
-2.14183e-05
-0.000406327
     4.32711
-8.76734e-05
 -0.00367352
   -0.234253
     1.57077
  -0.0655495
 3.06304e-05
-2.46491e-05
 3.38271e-05
 -0.00043889
     4.18598
 9.82331e-05
 -0.00400434
   -0.242397
     1.57078
  -0.0701809
 2.43245e-05
-2.85402e-05
 0.000115508
-0.000452062
     4.04514
 1.53914e-05
 -0.00443663
   -0.251124
     1.57078
  -0.0752717
-4.42339e-05
-3.29106e-05
 0.000126591
-0.000475457
     3.90462
-0.000140057
 -0.00495179
   -0.260496
     1.57077
  -0.0809329
 3.09208e-05
 -3.8012e-05
  8.9682e-05
-0.000526302
     3.76446
  6.7123e-05
 -0.00555408
   -0.270588
     1.57078
  -0.0872669
 7.50528e-05
-4.40374e-05
 4.08136e-05
-0.000569385
     3.62469
 0.000151684
 -0.00623549
   -0.281487
     1.57078
  -0.0943735
-5.68222e-05
-5.09187e-05
 2.36899e-05
-0.000588333
     3.48537
-4.03329e-05
 -0.00704223
   -0.293292
     1.57077
   -0.102376
-0.000124266
-5.85623e-05
 4.45778e-05
-0.000596895
     3.34654
-0.000114666
 -0.00804961
   -0.306122
     1.57076
    -0.11147
-3.11664e-05
-6.70633e-05
 2.94304e-05
-0.000612064
     3.20828
 -5.0421e-05
 -0.00911577
   -0.320119
     1.57076
   -0.121812
 6.83981e-05
-7.66466e-05
  1.5412e-05
 -0.00063277
     3.07066
 5.81814e-05
  -0.0104054
   -0.335442
     1.57077
   -0.133571
 6.40738e-05
  -8.753e-05
 2.36127e-05
-0.000654389
     2.93378
  7.3637e-05
  -0.0120972
   -0.352284
     1.57078
   -0.147123
-1.51862e-05
-0.000100033
-4.00095e-05
-0.000685935
     2.79773
-3.71528e-05
  -0.0139801
   -0.370881
     1.57077
   -0.162826
-3.73528e-05
-0.000114562
-9.75672e-05
-0.000719568
     2.66264
  1.1563e-05
  -0.0162113
   -0.391511
     1.57077
   -0.181003
-2.21849e-05
-0.000131405
 -6.8819e-05
 -0.00074381
     2.52867
 0.000114048
  -0.0189818
   -0.414502
     1.57076
   -0.202188
-9.84183e-05
 -0.00015083
-6.38922e-05
-0.000763638
       2.396
-0.000142893
  -0.0221254
   -0.440249
     1.57075
   -0.226929
-8.21228e-05
-0.000173276
-0.000100187
-0.000784751
     2.26487
-0.000345495
  -0.0257047
   -0.469207
     1.57076
   -0.255711
 0.000212891
-0.000199372
-0.000104716
-0.000809607
     2.13555
 6.22686e-05
  -0.0297659
   -0.501895
      1.5708
   -0.289086
 0.000388675
-0.000229732
-4.95876e-05
-0.000829809
      2.0084
 0.000363338
  -0.0340849
    -0.53889
     1.57083
   -0.327496
 0.000137977
-0.000264832
 5.61143e-06
-0.000843935
     1.88387
  8.5387e-05
  -0.0384074
   -0.580806
     1.57083
   -0.371099
-0.000132246
-0.000305137
-2.14755e-05
-0.000854473
     1.76251
-1.03585e-05
  -0.0422573
   -0.628248
     1.57081
   -0.419609
-0.000182644
-0.000350604
-2.11171e-05
-0.000845989
     1.64506
 6.42161e-05
  -0.0448273
   -0.681743
     1.57078
   -0.471972
-0.000223502
-0.000400688
 2.91902e-05
-0.000828498
     1.53245
  -0.0001334
  -0.0450643
   -0.741623
     1.57075
   -0.526016
-0.000192622
 -0.00045557
-4.57561e-06
-0.000829142
     1.42588
-0.000160722
  -0.0414679
   -0.807866
     1.57073
   -0.578033
-2.21933e-05
-0.000515329
 6.82661e-06
-0.000830302
     1.32679
-3.39821e-05
  -0.0320411
    -0.87988
     1.57074
   -0.622216
 9.84794e-05
-0.000577703
 9.11916e-05
 -0.00080374
     1.23689
 -2.2915e-05
  -0.0145478
   -0.956226
     1.57076
   -0.650215
 0.000145143
-0.000639116
  2.9294e-05
-0.000769545
     1.15787
 8.62286e-05
   0.0136445
    -1.03428
     1.57079
   -0.650759
 0.000123214
-0.000696374
 -7.5599e-05
-0.000744336
     1.09103
 3.97903e-05
   0.0559416
    -1.10987
     1.57081
   -0.608949
 5.99968e-05
-0.000744975
-4.48056e-05
-0.000705091
     1.03643
-9.90801e-05
    0.116708
    -1.17672
     1.57084
   -0.505219
 0.000107896
-0.000778863
  6.9964e-06
-0.000664051
    0.991321
 0.000153533
    0.201954
    -1.22586
     1.57087
   -0.313776
 8.76437e-05
-0.000791363
-8.76051e-06
-0.000661869
    0.947295
          -0
    0.320363
    -1.24468
     1.57089
           0
           0