 5.81838e-29
          -0
 4.41808e-40
   0.0034766
  -0.0017285
  1.0793e-13
-5.81838e-16
 3.55061e-05
          -0
          -0
-2.28841e-06
-0.000505059
 2.49012e-14
  0.00345929
 0.000260204
-1.43156e-14
  2.8152e-15
 8.86213e-05
 5.66172e-14
 0.000885254
-3.33838e-06
-0.000114031
 6.82995e-16
  0.00337611
  0.00152511
-1.12944e-13
 5.00825e-15
 0.000130215
-2.00664e-14
-0.000192025
-1.84475e-05
 0.000417876
-3.40584e-14
  0.00321586
-0.000548025
 1.90022e-14
-8.08252e-16
 7.18096e-05
-7.68753e-14
-0.000781399
-3.45207e-05
-0.000140782
-5.78337e-15
  0.00295892
-0.000922051
 1.03719e-13
-5.59538e-15
 3.12649e-05
-2.91029e-15
 0.000105655
-4.27376e-05
-0.000681439
  2.1847e-14
  0.00249051
 0.000650128
-1.68584e-14
 -2.7974e-15
 5.37926e-05
 4.95433e-14
 0.000269806
-6.69754e-05
  0.00013192
-2.85953e-14
  0.00172758
 0.000509908
-7.88747e-14
 -3.1598e-16
  4.4187e-05
-8.18635e-15
-0.000429899
-0.000113314
 0.000608011
-4.91219e-14
 0.000646664
-0.000415566
 3.09665e-14
-3.03091e-15
-1.08091e-05
-3.70626e-14
-0.000486705
 -0.00016892
-0.000260182
 1.19508e-14
-0.000740405
-0.000405015
 7.32425e-14
-3.70406e-15
-3.95057e-05
 2.58437e-14
 8.42844e-06
-0.000228675
-0.000457077
 2.30538e-14
 -0.00237071
-1.90391e-05
-3.19478e-14
 8.92449e-16
-2.31436e-05
 5.07645e-14
 0.000264273
-0.000289324
  0.00043103
-2.77067e-14
  -0.0041257
 0.000149842
-6.02031e-14
 3.64773e-15
 3.82388e-06
-4.84297e-15
 0.000185186
-0.000347005
 0.000459246
-2.30824e-14
 -0.00584459
 9.04899e-05
 2.55574e-14
 1.81203e-15
 1.73495e-05
-2.57523e-14
 4.02422e-05
-0.000396453
-0.000368593
 2.13409e-14
 -0.00734718
 0.000256866
 1.20476e-14
 8.35196e-17
  9.6327e-06
-3.05607e-15
-0.000168856
-0.000433191
-0.000409256
 1.53273e-14
  -0.0084679
-5.95105e-05
-2.96642e-14
 -9.2242e-16
  -1.777e-05
-1.37096e-14
-0.000287855
-0.000450546
 0.000300903
-2.99729e-14
 -0.00909869
-0.000893526
 4.83538e-14
-1.89464e-15
-1.78561e-05
-2.49413e-15
 0.000286419
-0.000446803
 0.000417931
-3.67738e-14
 -0.00921774
 0.000371457
 1.77037e-14
 1.94618e-16
 3.53948e-05
  3.7315e-14
 0.000601096
-0.000441193
-0.000181275
 7.43357e-15
 -0.00888951
  0.00165096
 -9.9462e-14
 1.71521e-15
 3.43729e-05
-1.19716e-14
-0.000618128
-0.000443342
-0.000334809
  2.3414e-14
 -0.00824654
 -0.00112958
 4.14454e-14
-1.82131e-15
-5.86543e-05
-4.69704e-14
-0.000932324
-0.000430599
 0.000140308
-1.38991e-14
 -0.00747512
 -0.00208671
 1.19749e-13
-1.62866e-15
-5.41857e-05
 5.01812e-14
   0.0010068
-0.000401572
 0.000256439
-2.52705e-14
 -0.00677354
  0.00193855
-1.22279e-13
 4.30002e-15
 7.19824e-05
 4.86301e-14
    0.001096
-0.000391064
-7.27762e-06
-2.10832e-15
 -0.00626385
  0.00185277
 -1.0023e-13
 2.08744e-15
 6.63596e-05
-8.55064e-14
 -0.00118971
-0.000398095
-4.07835e-05
-4.04581e-15
 -0.00597073
 -0.00217665
 1.70533e-13
-5.62882e-15
-6.46866e-05
 -4.3098e-14
-0.000994391
-0.000386087
-0.000115473
-5.24301e-15
 -0.00584881
 -0.00104762
 5.14321e-14
-2.77031e-15
-6.73873e-05
   9.074e-14
 0.000949379
-0.000359103
-0.000167172
 7.98481e-15
 -0.00580588
  0.00149869
-1.48058e-13
 4.62689e-15
 3.02229e-05
 3.25466e-14
 0.000677456
-0.000341034
 0.000308708
-1.58295e-14
  -0.0057133
 0.000111024
 -5.4412e-15
 2.98188e-15
 5.32829e-05
-5.99634e-14
-0.000293121
-0.000329509
  0.00043074
-3.25119e-14
 -0.00545352
-0.000195118
 7.01865e-14
-1.87134e-15
  2.1146e-05
-2.09236e-14
-0.000242494
-0.000320752
-0.000333335
 9.50612e-15
 -0.00497911
 0.000573425
-1.67225e-14
-2.44775e-15
-2.16073e-05
 1.13169e-14
-0.000470062
-0.000312641
-0.000493915
 2.15958e-14
 -0.00431297
-0.000884447
 9.64814e-15
-1.34693e-15
-6.67588e-05
  7.0301e-15
-0.000282463
-0.000296629
 0.000265422
-2.20817e-14
 -0.00354606
-0.000989586
 2.15092e-14
 6.21859e-16
-3.29126e-05
  2.5783e-14
 0.000846566
-0.000275144
 0.000406431
-2.57623e-14
 -0.00280498
  0.00101869
-4.23712e-14
  2.9596e-15
 6.76132e-05
 1.31794e-14
 0.000828863
-0.000266874
 2.10759e-05
-7.99646e-16
 -0.00218468
  0.00121457
-3.34216e-14
 1.80087e-15
 8.63421e-05
-3.24916e-14
-0.000516716
-0.000279815
 3.70767e-05
-6.88152e-15
 -0.00174093
-0.000283292
 2.84931e-14
-2.27295e-15
-9.32565e-06
-3.54055e-14
 -0.00107775
-0.000294142
   -0.000139
-1.36813e-15
 -0.00147573
 -0.00102811
  5.6888e-14
-3.43475e-15
-9.12454e-05
 1.60423e-14
-0.000287584
-0.000294621
-0.000471622
 1.45696e-14
 -0.00135778
-0.000346776
-1.65801e-14
 -5.0332e-17
-7.60552e-05
 4.03647e-14
 0.000540753
-0.000290452
 4.54574e-05
-1.63497e-14
 -0.00134003
 0.000245772
 -6.1042e-14
 1.99244e-15
-7.51891e-06
-6.31851e-15
 0.000601518
-0.000284763
 0.000638083
 -3.6738e-14
 -0.00134835
-0.000195324
 4.34175e-14
 5.95925e-16
   6.283e-05
-1.69566e-14
 0.000570964
-0.000273087
 0.000311331
 1.47941e-16
 -0.00130423
 0.000525591
  2.8729e-14
 1.16308e-15
 0.000119406
  2.6409e-14
 0.000371965
-0.000270989
-7.61073e-06
 1.03559e-14
 -0.00115539
  0.00151225
-9.72139e-14
  1.8603e-15
 9.04017e-05
-1.47883e-14
-0.000855367
-0.000286683
 -4.6909e-05
-1.63324e-14
-0.000917535
-0.000210233
 2.71388e-14
-2.44166e-15
-5.92857e-05
-5.69111e-14
 -0.00163942
-0.000288669
 -0.00053742
-3.45295e-15
-0.000598183
 -0.00147924
 1.18603e-13
-4.01306e-15
-0.000194962
  3.0721e-14
-0.000621848
-0.000258856
-0.000671308
 1.06968e-14
-0.000232972
-0.000198996
-7.29843e-14
 1.32182e-15
-0.000208941
  5.8194e-14
 0.000388865
-0.000233598
 8.97353e-05
 -1.7659e-14
 0.000165028
-0.000253738
-7.28215e-14
 3.05468e-15
-0.000145919
-2.93133e-14
 0.000661503
-0.000231866
 0.000444632
 -1.7223e-14
  0.00060495
-0.000692028
   9.523e-14
 3.65674e-16
-3.23651e-05
-1.55034e-14
  0.00123106
-0.000235708
 0.000296391
 6.75532e-15
  0.00102575
 0.000850189
-7.04331e-15
 1.69211e-15
 0.000109661
 3.76108e-14
  0.00113604
-0.000227092
  0.00057858
 -9.1016e-15
  0.00135329
 0.000446534
-8.08264e-14
 3.01093e-15
 0.000199164
-1.56304e-14
 0.000355694
-0.000188418
 0.000610843
-1.16133e-14
  0.00144416
 -0.00102954
 4.88692e-14
-7.72619e-17
 0.000262952
-3.58396e-14
 0.000707428
-0.000138403
 0.000132928
 1.54349e-14
  0.00144396
 0.000264413
 2.87311e-14
-1.73661e-15
 0.000375546
 8.18392e-15
  0.00116915
-9.96314e-05
  0.00013356
 1.90404e-15
  0.00161699
  0.00120464
-5.01151e-14
-1.66033e-15
 0.000462859
-6.91278e-15
 0.000286057
-7.69377e-05
 0.000192405
-1.59098e-14
  0.00155458
 0.000107417
 2.84357e-14
-3.18779e-15
 0.000449801
-1.85447e-14
-0.000503682
-7.26222e-05
-0.000534893
 2.45811e-14
  0.00111511
-0.000948461
-4.81218e-16
-4.30047e-15
  0.00041958
          -0
          -0