  2.2983e-31
          -0
-2.85845e-46
-1.15228e-05
-0.000212818
 1.76738e-18
 -2.2983e-18
 1.40155e-07
          -0
          -0
-1.07879e-07
-1.25656e-05
 2.47864e-19
-5.38241e-06
 9.86709e-05
-1.39773e-18
-2.29688e-18
 5.95349e-07
 7.67707e-20
 2.37024e-05
-3.62115e-07
 1.91193e-06
-3.41496e-19
  2.8141e-06
  0.00015536
-2.96214e-19
 -2.3009e-18
 4.59424e-07
-2.74929e-19
-2.90386e-05
-5.05253e-07
 4.43358e-06
  -1.476e-18
 7.17837e-06
-0.000231203
 5.92385e-18
 -2.2886e-18
-3.06092e-07
 8.93361e-19
-1.32957e-05
-4.71486e-07
-7.94805e-06
-2.29544e-18
 8.61286e-06
 1.07584e-05
 2.55888e-18
-2.21763e-18
 3.29314e-08
 2.65434e-18
 3.24685e-05
-3.88551e-07
-5.43494e-07
-2.66229e-18
 9.76893e-06
 0.000165433
-2.96381e-18
-2.11308e-18
 6.42625e-07
 2.57032e-18
 -4.1045e-06
-2.04939e-07
 2.79256e-06
-2.76946e-18
 8.44477e-06
-0.000126524
-5.57264e-19
-2.02489e-18
  2.8368e-07
 1.83944e-18
-1.21826e-05
-3.92655e-08
-1.83501e-06
-2.62022e-18
  5.1085e-06
 3.06739e-05
-2.19092e-19
-1.95444e-18
  2.3503e-07
  1.6783e-18
 7.71259e-06
 1.14081e-08
 5.53546e-06
-2.19441e-18
 1.70996e-07
  4.7126e-05
-1.87455e-18
-1.89604e-18
 1.73328e-07
 1.24379e-18
-8.43418e-06
 6.19664e-08
 2.16507e-06
-1.63605e-18
-2.57015e-06
-8.71798e-05
 2.16531e-19
-1.85318e-18
 3.85585e-08
 8.99688e-19
-1.22595e-07
 6.19329e-08
-5.97442e-06
-1.15389e-18
-3.82654e-06
 9.58381e-05
  6.2195e-19
 -1.8136e-18
-8.53283e-08
 1.07369e-18
-1.91819e-06
 6.58338e-08
  1.8664e-06
 -8.8469e-19
-5.14565e-06
-4.57255e-05
 2.17362e-18
-1.75905e-18
-3.51923e-07
 1.65377e-18
-1.23177e-05
 1.11288e-07
 4.66718e-06
-9.74487e-19
-7.56975e-06
-0.000132166
 1.81863e-18
-1.67642e-18
 -8.7678e-08
 2.48214e-18
 2.45931e-05
-3.83565e-08
-3.98122e-06
-1.41801e-18
-3.65332e-06
 0.000162051
 -5.0652e-18
-1.59078e-18
 8.12855e-07
 1.80858e-18
 1.83943e-05
-2.90973e-07
 1.94068e-06
-2.11479e-18
 3.82268e-06
 8.97031e-05
-4.09426e-18
-1.55627e-18
 4.67887e-07
-9.17256e-20
-3.38372e-05
-4.22571e-07
 7.77084e-06
-2.88346e-18
  7.9229e-06
-0.000182738
 2.43343e-18
-1.56691e-18
-4.58555e-07
-4.36307e-19
-1.45382e-05
-4.15636e-07
-6.41573e-06
-3.72747e-18
 8.02224e-06
 2.80917e-05
 3.88396e-18
-1.55794e-18
-5.11857e-07
 8.74192e-19
 1.75437e-05
 -3.4011e-07
-4.62682e-06
-5.06859e-18
 6.11742e-06
 3.58459e-05
 9.82015e-19
-1.50291e-18
 1.56946e-08
 1.88356e-18
 4.28105e-06
  -2.541e-07
 8.28095e-06
-6.44706e-18
 3.82293e-06
-0.000102173
-3.37225e-18
-1.43749e-18
 4.36005e-07
  1.3878e-18
 1.80376e-05
 -1.8384e-07
 -1.9232e-06
-7.16942e-18
 1.80517e-06
 0.000165262
-4.79086e-18
 -1.4158e-18
 9.85755e-07
-3.05272e-19
 4.95418e-06
  -1.345e-07
-7.67145e-06
-7.77625e-18
 1.47296e-07
 -2.6223e-05
-3.16438e-18
-1.46111e-18
 5.08304e-07
-1.95516e-18
-2.38829e-05
-1.01543e-07
 7.70141e-06
-8.75798e-18
-1.26498e-06
-3.65877e-05
 3.86978e-18
-1.53642e-18
-1.40752e-07
-1.80892e-18
-1.08571e-05
-7.83741e-08
 2.84501e-06
-9.55981e-18
-2.52452e-06
-1.88262e-05
 8.24152e-18
-1.55839e-18
-4.07896e-07
 7.02572e-19
 6.34176e-07
 -6.0095e-08
-5.90494e-06
-1.01615e-17
-3.63326e-06
-4.97524e-05
  3.2211e-18
-1.48271e-18
-5.17298e-08
 3.07945e-18
 1.48543e-05
-4.41683e-08
 4.71082e-06
-1.09334e-17
-4.52582e-06
 0.000108782
-1.63533e-18
-1.35312e-18
 3.33992e-07
 3.40828e-18
 2.61579e-06
-3.00941e-08
-4.54995e-06
-1.18155e-17
-5.11624e-06
  -3.963e-05
-3.91591e-18
-1.23979e-18
 9.14401e-08
 2.25736e-18
-1.17225e-05
-1.79567e-08
 1.22889e-06
 -1.2712e-17
-5.35362e-06
-4.20938e-05
-2.01464e-18
-1.17408e-18
 5.68057e-08
 1.02781e-18
 5.22042e-06
-7.71567e-09
  1.3612e-05
-1.33022e-17
-5.23135e-06
 6.88883e-05
 2.53127e-18
-1.13079e-18
 3.10178e-08
 1.13489e-18
-3.33576e-07
 1.06413e-09
-1.89508e-06
 -1.3199e-17
-4.80269e-06
-1.60174e-05
 2.39327e-18
-1.06499e-18
-1.11206e-07
 2.15573e-18
 -1.1294e-05
 1.04403e-08
-3.16883e-06
 -1.2873e-17
-4.16137e-06
-9.51257e-05
 -2.0425e-19
-9.69687e-19
-1.50584e-07
 2.60948e-18
 1.17436e-05
 2.31712e-08
 6.29778e-07
-1.28562e-17
-3.39638e-06
 0.000117249
-2.24347e-18
-8.75467e-19
 2.48953e-07
 2.10215e-18
 7.15948e-06
 4.17852e-08
-1.66455e-06
-1.34409e-17
-2.58602e-06
-4.36272e-05
 -3.3205e-18
-8.14425e-19
 2.48725e-07
 9.48988e-19
-8.10013e-06
 6.93081e-08
 2.18431e-06
 -1.4485e-17
-1.75178e-06
-4.47552e-05
-2.10914e-18
-7.98991e-19
 3.15448e-07
-1.76282e-19
 1.02167e-05
 1.08451e-07
 8.32822e-07
-1.51688e-17
 -8.1979e-07
 0.000171887
   2.253e-18
-8.05423e-19
 1.34328e-07
-1.46487e-19
-1.61278e-05
 1.61959e-07
-2.55795e-06
-1.53104e-17
 3.64731e-07
-0.000161041
 4.35868e-18
-7.83889e-19
-4.97865e-07
 1.22357e-18
-1.83773e-05
 2.32123e-07
 1.04537e-06
-1.54681e-17
 1.97939e-06
  -7.609e-05
-4.67291e-19
-7.18817e-19
-3.05105e-07
 2.02993e-18
 3.07588e-05
 3.13077e-07
 8.84429e-06
-1.58114e-17
  3.9938e-06
 0.000244024
-3.16573e-18
-6.52676e-19
 2.77035e-07
 1.27729e-18
-4.03452e-06
 3.79271e-07
-1.71101e-07
-1.64222e-17
 5.73569e-06
-0.000180238
 7.35776e-20
-6.14403e-19
-1.29045e-07
 6.36608e-19
-1.72526e-05
 3.75823e-07
-1.08575e-05
-1.77748e-17
 5.54575e-06
-4.59235e-05
-8.07487e-19
-5.91983e-19
  1.1157e-07
 4.84605e-19
 2.96024e-05
 2.35615e-07
 3.50009e-06
-1.97014e-17
 1.37972e-06
 0.000222346
-2.68554e-18
-5.87067e-19
 5.47383e-07
-2.39268e-19
-6.94339e-06
-2.20286e-08
 6.90188e-06
-2.12446e-17
 -6.1502e-06
 -0.00017525
 5.91476e-19
-6.05328e-19
  7.3502e-08
-6.72891e-19
-1.67016e-05
-1.68828e-07
-4.08252e-06
-2.17635e-17
 -1.0011e-05
 2.23154e-05
 2.87229e-18
-6.17887e-19
 7.31374e-08
 4.45126e-20
 1.49775e-05
-1.05996e-07
-5.00028e-06
-2.17756e-17
-7.17254e-06
 8.05147e-05
 2.92069e-18
-5.92101e-19
 1.75709e-07
 1.24432e-18
 -6.3205e-06
-6.26051e-08
 6.22649e-06
-2.19039e-17
-4.79742e-06
-7.16783e-05
 3.59224e-18
-5.15359e-19
-5.51881e-08
 2.59322e-18
-8.15151e-06
 2.55083e-10
 4.61211e-06
-2.20309e-17
-1.79736e-06
 7.17692e-05
   4.414e-18
-3.78472e-19
-4.06701e-07
 4.25132e-18
-8.16944e-06
   1.133e-07
-9.16695e-06
-2.22717e-17
  2.6287e-06
 -9.0102e-05
-7.52677e-19
-1.93241e-19
-6.70306e-07
 5.00961e-18
-4.37401e-06
 1.64629e-07
 7.01164e-06
-2.25423e-17
 7.25138e-06
-7.20729e-05
 -8.1447e-18
-2.97076e-20
-1.14084e-07
 3.16727e-18
 2.92079e-05
 2.15774e-07
 1.00673e-05
-2.19872e-17
 6.64844e-06
 0.000264687
-6.24221e-18
 3.73953e-20
 1.45569e-07
 1.88303e-19
-1.06726e-05
 2.66036e-07
 -1.2018e-05
-2.05114e-17
 3.45119e-06
-0.000174694
 2.42935e-18
 2.91362e-20
 -6.4434e-07
-6.01237e-19
-2.93081e-05
 2.87017e-07
  5.4616e-06
-1.89838e-17
 2.09162e-10
 3.35927e-05
 4.74538e-19
  1.7111e-20
 -1.2113e-06
          -0
          -0