           0
           0
           0
           0
           0
   3.147e-08
 2.66399e-06
-3.39002e-20
 9.68418e-29
-9.17483e-16
 6.96784e-10
-1.69419e-07
 7.43464e-19
-4.77073e-25
-7.54177e-11
 6.28722e-08
 1.36795e-06
 1.98652e-20
-1.10083e-29
 2.78474e-16
-8.45531e-10
-1.12969e-07
  7.4722e-19
-2.15256e-25
-1.16805e-10
 7.29688e-08
 -2.3352e-06
 2.16661e-19
-1.54709e-28
-4.70585e-15
-1.23927e-09
-1.47546e-08
 7.48044e-19
-2.78609e-25
 3.24679e-10
 6.82471e-08
 1.39439e-06
   3.879e-19
-6.21179e-30
 3.17709e-15
-9.19418e-10
-5.27435e-09
  7.3328e-19
 4.54953e-26
-1.77731e-10
 5.96734e-08
 1.60633e-06
 5.06274e-19
-1.07804e-28
  4.6312e-16
-8.95782e-10
-7.98177e-08
 7.03021e-19
 2.54203e-25
 1.69654e-10
  3.2697e-08
 -1.4504e-06
 5.85937e-19
 1.19435e-29
-6.61645e-16
 -4.8127e-10
 -1.3671e-07
 6.70746e-19
-3.66094e-26
 -1.3281e-10
 2.29137e-09
 5.14328e-07
  5.7592e-19
-7.14511e-29
  4.0819e-16
-2.42076e-10
-1.02536e-07
  6.4401e-19
 3.75891e-25
 1.63002e-10
-1.79613e-08
-3.36759e-07
 5.05705e-19
-7.25987e-28
 2.96466e-15
-1.49778e-10
-3.66663e-08
 6.22019e-19
-1.74453e-25
-1.89082e-10
-1.56572e-08
-1.39173e-06
 4.13933e-19
 5.02256e-28
-6.61763e-16
 3.62519e-10
-4.78036e-08
 6.05074e-19
-3.31031e-26
 1.45465e-10
-1.29558e-08
 1.13988e-06
 3.00732e-19
 1.67328e-28
-4.84953e-15
 4.26948e-10
-2.49824e-08
 5.92013e-19
 4.47459e-25
-3.32284e-10
-1.34603e-08
-1.54906e-07
 2.22309e-19
 -3.8311e-28
 1.69618e-16
 6.14853e-10
 1.02187e-07
 5.77607e-19
 3.60937e-27
 7.24936e-11
 -2.1039e-08
 -1.0245e-06
 1.86532e-19
 4.48218e-28
-6.96192e-16
 1.03051e-09
 8.24069e-08
 5.56811e-19
-3.34125e-25
 7.49514e-11
 1.10105e-08
 1.20396e-06
 2.20834e-19
-2.76445e-28
 1.37659e-16
 1.49881e-10
-1.52049e-07
 5.30959e-19
 -6.9398e-25
 1.63135e-10
 5.10034e-08
-1.04763e-07
 3.83249e-19
-4.86661e-28
-3.03438e-15
-1.02129e-09
 -1.8375e-07
 5.12502e-19
 6.66239e-25
-1.44438e-10
 6.20683e-08
-2.25558e-06
 5.63491e-19
-3.74715e-27
 2.72159e-15
-1.30933e-09
 2.18076e-08
 5.08915e-19
-3.21406e-25
 1.64263e-10
 5.40254e-08
 7.03619e-07
  7.1989e-19
-4.23474e-28
 2.29111e-15
-1.03686e-09
 1.00421e-07
 5.09477e-19
 8.45625e-25
-4.53649e-10
 4.07394e-08
 1.27842e-06
 9.40108e-19
 2.82808e-27
 1.20504e-15
-6.42391e-10
 8.75132e-08
  5.0109e-19
-4.91563e-25
 3.64229e-10
 2.88588e-08
-8.95731e-07
 1.22014e-18
 3.77663e-27
-4.54398e-15
-3.20038e-10
-2.15224e-08
 4.81722e-19
-3.09375e-26
-1.04254e-10
 1.99873e-08
 4.34665e-07
  1.4632e-18
-3.01519e-27
  4.0519e-15
-9.52035e-11
 -2.7107e-07
  4.6498e-19
    1.65e-25
 3.59654e-10
 1.37803e-08
 2.29148e-07
  1.6354e-18
  3.2644e-28
-1.83867e-15
 6.77623e-11
-2.64952e-07
 4.68334e-19
-4.22813e-25
-3.95511e-10
 9.46851e-09
-1.25674e-07
 1.82762e-18
  2.5382e-27
-8.70879e-16
 2.07701e-10
  1.9677e-09
 4.89358e-19
-9.28125e-26
 1.82976e-10
  6.4613e-09
-1.09513e-06
 1.99852e-18
-8.44968e-28
-8.77134e-16
 3.45989e-10
 6.94221e-08
 5.04382e-19
 6.17031e-25
-2.50743e-10
 4.41417e-09
 2.43729e-07
 2.10869e-18
 1.88352e-27
-3.11046e-16
 4.83669e-10
 3.94312e-08
 4.94874e-19
    1.65e-25
  1.8559e-10
 3.11001e-09
 8.03969e-07
 2.25092e-18
 3.57197e-27
 5.84871e-16
 6.07809e-10
-3.24406e-09
 4.62305e-19
-6.72031e-25
 1.45282e-10
 2.40292e-09
-6.32153e-07
 2.44164e-18
-7.03772e-27
 2.82308e-16
 7.00372e-10
-1.05934e-07
   4.234e-19
 9.79687e-26
-2.41667e-10
 2.13068e-09
 3.34832e-07
 2.65839e-18
 6.76029e-27
 1.54215e-16
 7.47772e-10
-8.89777e-10
 3.94457e-19
    2.75e-26
 3.81631e-10
 2.13418e-09
-1.15243e-06
 2.82314e-18
-1.21674e-27
-3.38758e-15
 7.47219e-10
 3.53116e-08
 3.75574e-19
 1.44375e-25
-4.94099e-10
 2.13745e-09
-1.63558e-06
 2.85621e-18
-2.42372e-27
 2.77238e-16
  7.0524e-10
-4.90442e-08
 3.55129e-19
-5.84375e-26
 3.61307e-10
 1.82141e-09
 2.33126e-07
  2.8053e-18
 3.63165e-27
 4.26929e-15
 6.35955e-10
 3.72933e-08
 3.28146e-19
-8.59375e-27
-1.93476e-10
 9.11581e-10
  1.1679e-06
 2.76923e-18
-1.04007e-27
 1.39327e-16
 5.54788e-10
-7.32342e-10
  2.9869e-19
-5.32813e-26
 8.59024e-11
-9.00326e-10
-5.33584e-07
 2.83764e-18
-1.29352e-27
-1.27527e-15
 4.73898e-10
-8.97569e-08
 2.75951e-19
 7.73438e-26
  7.4338e-11
-3.75471e-09
-5.60664e-08
 3.02764e-18
-2.28045e-27
  3.9735e-16
 3.99575e-10
-7.59486e-08
 2.65401e-19
-7.90625e-26
 9.75671e-11
 -7.6347e-09
 5.26252e-07
 3.22861e-18
 -3.9413e-27
-8.52085e-16
 3.28522e-10
-7.82272e-08
 2.62497e-19
 9.28125e-26
-2.51593e-10
-1.25802e-08
-1.22342e-06
 3.30831e-18
 2.82993e-27
 5.88824e-16
 2.45896e-10
  4.5293e-08
 2.57878e-19
-2.92187e-26
 2.31634e-10
 -1.8787e-08
 5.31803e-07
 3.30795e-18
-2.40393e-30
  7.4909e-16
 1.23773e-10
 1.44413e-07
 2.43917e-19
 5.15625e-27
-2.19481e-10
-2.68381e-08
 2.69923e-07
 3.36461e-18
-3.61724e-26
-6.37954e-16
-7.60571e-11
  3.5741e-08
 2.23411e-19
-1.20313e-26
 1.90617e-10
-3.73395e-08
-2.68482e-06
 3.49554e-18
 6.50824e-27
 1.19537e-15
-3.84035e-10
-6.00205e-08
 2.07573e-19
-1.71875e-26
 7.86497e-11
-4.90854e-08
 1.75979e-06
 3.70395e-18
-1.45393e-26
-2.53519e-16
 -7.6757e-10
 -3.9916e-08
  2.0071e-19
-1.71875e-26
-2.55185e-11
-5.57757e-08
 1.92127e-06
 4.05522e-18
   1.101e-25
-2.12871e-16
-1.02419e-09
 -4.9244e-08
 1.98577e-19
  3.4375e-26
-6.94625e-11
-4.37676e-08
-2.77055e-06
 4.44493e-18
-6.98395e-26
-9.06018e-16
-7.11132e-10
-8.69039e-08
   1.992e-19
  -6.875e-26
-3.92322e-12
-3.22194e-09
 4.80897e-07
 4.66769e-18
 1.79272e-26
 1.35972e-15
 4.91706e-10
-6.76754e-08
 2.00088e-19
  3.4375e-26
 1.36475e-10
 2.89517e-08
 1.23617e-06
 4.71828e-18
 1.65484e-26
 4.56558e-15
  1.3981e-09
-4.39531e-08
 1.95916e-19
  3.4375e-26
 -2.8227e-10
 2.02958e-08
-7.74081e-07
 4.72481e-18
-7.87369e-27
-1.01978e-14
 9.73312e-10
 2.53976e-08
  1.7978e-19
 -3.4375e-26
 2.34171e-10
 1.59743e-08
-6.36821e-07
 4.74126e-18
-1.54177e-26
-3.87004e-15
 6.92372e-10
 6.83076e-08
 1.45192e-19
-1.71875e-26
-1.00375e-10
 1.04003e-08
-1.82035e-07
 4.75996e-18
-2.34551e-26
 8.26671e-16
 3.97244e-10
 1.19214e-07
 9.35048e-20
 5.15625e-26
-5.09458e-11
 6.78909e-10
  3.6104e-07
 4.80766e-18
 -4.1336e-27
 8.97606e-15
 -4.5511e-10
 1.91679e-07
 3.71695e-20
-1.71875e-26
 2.38174e-10
-2.67592e-08
 -4.6165e-07
 4.81459e-18
 3.44616e-27
-1.51802e-15
-7.24154e-10
 7.12707e-09
-3.46455e-21
 -3.4375e-26
-4.44214e-10
-4.36396e-08
-1.63507e-06
 4.64018e-18
 1.73539e-26
 6.35668e-16
-4.71836e-10
-7.61331e-09
-1.66718e-20
-1.71875e-27
 3.88202e-11
-4.92384e-08
 1.47842e-06
 4.27519e-18
-8.08665e-27
-3.75754e-11
-1.45399e-10
 3.70258e-07
-1.35955e-20
-1.71875e-27
 7.68233e-11
           0
           0
           0
           0
           0