-7.13676e-33
          -0
-5.36088e-40
 0.000249139
-8.30607e-12
 1.50052e-09
 7.13676e-11
 -2.0058e-11
          -0
          -0
 6.89383e-07
 4.68824e-12
 3.32698e-11
 0.000265582
-7.49296e-12
-1.61107e-09
 6.66501e-11
-1.93819e-11
-7.25774e-11
 1.04015e-11
 1.82718e-06
 9.92661e-12
 2.81505e-11
 0.000257518
-1.03169e-11
 1.60441e-09
 5.69161e-11
-1.72677e-11
-7.71764e-11
 2.21244e-11
 2.60861e-06
 1.31513e-11
 8.42703e-11
 0.000262027
-6.73831e-12
-1.58779e-09
 4.76062e-11
 -1.3662e-11
-6.60524e-11
 3.33486e-11
 3.60918e-06
 1.69849e-11
 5.53957e-11
 0.000271652
-6.06902e-12
 1.39201e-09
 3.06354e-11
 -8.7789e-12
-1.95037e-10
 4.17759e-11
 5.14356e-06
 1.87345e-11
 1.08737e-10
 0.000267199
-2.99414e-12
-1.26181e-09
 1.08567e-11
-2.96047e-12
-1.09251e-10
 4.77384e-11
 6.02509e-06
 1.88505e-11
 6.37292e-11
 0.000265378
 8.66631e-13
  1.0577e-09
-1.20792e-11
 3.33649e-12
-2.43609e-10
 4.91379e-11
 6.87855e-06
  1.6851e-11
 8.96927e-11
 0.000267231
 3.15156e-12
-7.65891e-10
 -3.1271e-11
 9.55265e-12
-5.16495e-11
 4.64953e-11
 7.71942e-06
 1.26396e-11
 5.17473e-11
 0.000276739
  1.1123e-11
 4.82673e-10
-5.00904e-11
  1.4987e-11
-2.37879e-10
 3.71105e-11
 8.66871e-06
 8.49678e-12
 4.29003e-11
 0.000269368
 6.33645e-12
-1.03708e-10
-6.48229e-11
 1.90653e-11
 1.12259e-11
 2.56326e-11
 9.69578e-06
 2.74411e-12
 1.51165e-11
 0.000265874
 1.47614e-11
-1.06436e-10
-7.23376e-11
 2.14962e-11
-1.26837e-10
 1.17662e-11
 1.08407e-05
-2.54232e-12
-2.21217e-11
 0.000279637
 9.65622e-12
 4.50872e-10
-7.41189e-11
 2.19829e-11
 9.94324e-11
-4.27994e-12
 1.18955e-05
-7.84661e-12
-1.65175e-11
 0.000284866
 1.12847e-11
 -6.2435e-10
-6.85941e-11
 2.05321e-11
-1.44354e-11
-1.80393e-11
 1.26042e-05
-1.20268e-11
-8.24069e-11
 0.000281085
 1.24415e-11
 8.90268e-10
-5.91236e-11
 1.71739e-11
 1.60136e-10
-3.36251e-11
 1.36513e-05
-1.52051e-11
-4.34987e-11
 0.000285746
 3.92093e-12
-9.62183e-10
-4.13675e-11
 1.21041e-11
 1.13034e-10
-4.43729e-11
 1.42177e-05
-1.81829e-11
-1.17549e-10
 0.000306604
 9.64277e-12
 1.10762e-09
-2.04736e-11
 5.75663e-12
  2.0841e-10
-5.32799e-11
 1.51055e-05
-1.86224e-11
-5.30605e-11
 0.000307986
 -2.0951e-12
-1.12913e-09
  5.7099e-12
-1.49191e-12
 1.94414e-10
-5.82361e-11
   1.616e-05
-1.78397e-11
-1.03396e-10
  0.00030361
-5.89698e-13
 1.08405e-09
 2.90523e-11
-8.94803e-12
 1.64701e-10
-5.64734e-11
 1.69837e-05
-1.46371e-11
-4.70628e-11
  0.00030232
-1.14834e-11
-1.04955e-09
 5.19413e-11
-1.57745e-11
 1.87437e-10
-4.85492e-11
 1.72579e-05
 -9.2573e-12
-5.55399e-11
   0.0003039
-1.15381e-11
 9.53189e-10
 7.21903e-11
-2.11038e-11
 1.24086e-10
-3.34408e-11
 1.77595e-05
-2.96634e-12
-2.10817e-13
 0.000303954
-1.48974e-11
-1.10144e-09
 8.20058e-11
-2.43236e-11
 2.69211e-11
-1.60941e-11
 1.87356e-05
 3.56975e-12
-2.46684e-12
 0.000310925
-2.13779e-11
 1.06423e-09
 8.39098e-11
 -2.4869e-11
 2.37114e-12
 7.70391e-12
 1.95104e-05
 1.00337e-11
 7.93998e-11
 0.000320875
-8.09603e-12
-1.24016e-09
 7.67252e-11
-2.26107e-11
-1.12904e-10
 2.70391e-11
 2.02698e-05
 1.45987e-11
 3.60468e-11
 0.000307801
-2.04724e-11
 1.17754e-09
 5.93695e-11
-1.78777e-11
-1.54106e-10
 4.57752e-11
 2.05355e-05
 1.73574e-11
 1.05374e-10
 0.000316955
-3.12743e-12
-1.18771e-09
 3.89091e-11
 -1.0921e-11
-1.60669e-10
 6.12512e-11
 2.14946e-05
 1.95454e-11
 6.70778e-11
 0.000318506
-5.10648e-12
  9.7564e-10
 8.97928e-12
-2.60741e-12
-2.99789e-10
 6.66504e-11
 2.20178e-05
 1.79951e-11
 9.89242e-11
 0.000323074
 5.02085e-13
-7.69409e-10
-2.12026e-11
  6.2533e-12
-1.64548e-10
 6.96682e-11
 2.23862e-05
 1.59581e-11
 6.05965e-11
 0.000320815
 1.16312e-11
 6.12793e-10
 -4.9268e-11
 1.47933e-11
-2.67228e-10
 6.17161e-11
  2.2394e-05
 1.18312e-11
 6.07164e-11
 0.000320366
 8.57653e-12
-3.79904e-10
-7.40853e-11
 2.19555e-11
-1.14576e-10
  4.8472e-11
 2.26198e-05
 4.73866e-12
 4.48631e-12
 0.000305701
 2.69868e-11
 3.71788e-10
 -8.9326e-11
 2.67422e-11
-1.19897e-10
 2.51701e-11
 2.29973e-05
 -1.7147e-12
-4.05191e-13
 0.000296554
 1.48638e-11
-1.56721e-10
-9.57527e-11
 2.82321e-11
  2.1024e-11
-2.24886e-12
 2.33755e-05
 -9.8632e-12
-5.28028e-11
  0.00029598
 2.84515e-11
 2.58845e-10
-8.86715e-11
 2.60955e-11
 8.79174e-11
 -3.0622e-11
 2.36515e-05
-1.62286e-11
-6.90243e-11
 0.000288109
 1.71283e-11
-5.98978e-11
-6.87721e-11
 2.01743e-11
 2.18228e-10
-6.04737e-11
 2.35378e-05
-1.99113e-11
-9.19673e-11
 0.000277761
 9.15255e-12
 1.34519e-10
-3.72263e-11
  1.1194e-11
 2.67092e-10
-7.76843e-11
 2.36122e-05
-2.16849e-11
-9.87434e-11
 0.000262809
 9.22197e-12
-1.17727e-10
-1.78848e-12
  3.1316e-13
 2.78105e-10
-8.97138e-11
 2.34972e-05
-1.93614e-11
-7.71667e-11
 0.000257705
-1.67239e-11
 1.67871e-10
 3.64969e-11
-1.10305e-11
 3.10901e-10
-8.48042e-11
 2.34726e-05
-1.45712e-11
-7.48753e-11
 0.000239827
-7.94296e-12
-3.05419e-10
 7.10639e-11
-2.10056e-11
   2.209e-10
-6.86588e-11
 2.36707e-05
-8.01639e-12
 -1.6833e-11
 0.000224171
-2.96647e-11
 2.17392e-10
 9.60339e-11
-2.83316e-11
 1.63253e-10
-4.40485e-11
 2.38059e-05
 2.03358e-13
-2.08004e-11
 0.000214088
-2.65559e-11
-4.72343e-10
 1.06416e-10
-3.16669e-11
 -3.5256e-12
-7.26362e-12
  2.3893e-05
 7.85129e-12
  7.0482e-11
 0.000196025
-2.65942e-11
 3.86582e-10
 1.02307e-10
 -3.0351e-11
-5.96948e-11
 2.75074e-11
 2.37301e-05
 1.50135e-11
 3.76957e-11
 0.000172695
-3.36357e-11
-6.64875e-10
 8.27186e-11
-2.42144e-11
-2.41663e-10
 6.69017e-11
 2.38427e-05
 2.07635e-11
 1.12061e-10
 0.000154561
-9.10183e-12
 5.41123e-10
 4.60376e-11
-1.37004e-11
-3.22659e-10
 9.48521e-11
 2.38185e-05
 2.26128e-11
 8.53505e-11
 0.000139727
-1.33903e-11
-5.87126e-10
 2.14001e-12
-4.13723e-13
-3.52689e-10
 1.09559e-10
 2.38057e-05
 2.15988e-11
 1.08627e-10
 0.000124292
 1.28119e-11
 5.23451e-10
-4.64183e-11
 1.38535e-11
-3.94363e-10
 1.09938e-10
 2.36164e-05
 1.58129e-11
 4.54618e-11
 0.000113838
 2.80653e-11
-3.08313e-10
-8.85425e-11
 2.64087e-11
-2.53701e-10
 8.32194e-11
 2.34976e-05
 6.41173e-12
 5.53698e-11
 9.53526e-05
 3.02262e-11
 3.95307e-10
 -1.1783e-10
  3.4751e-11
-1.96869e-10
 4.51235e-11
 2.36189e-05
 -3.8585e-12
-5.47319e-11
  6.5282e-05
 4.50252e-11
-1.44989e-11
-1.27247e-10
  3.7421e-11
 5.19784e-11
-4.04684e-12
 2.35865e-05
-1.49782e-11
-2.43793e-11
 3.74663e-05
 2.09497e-11
 1.42089e-10
-1.15072e-10
 3.40932e-11
 1.35331e-10
  -4.715e-11
 2.36571e-05
-2.37511e-11
-1.43403e-10
 9.38738e-06
-5.44017e-12
-3.57305e-11
-9.29629e-11
 2.73051e-11
 2.04813e-10
-5.72824e-11
 2.36138e-05
-3.10096e-11
-9.45335e-11
 2.77899e-10
-8.22767e-11
-2.77899e-10
  -7.965e-11
 2.35817e-11
          -0
          -0