           0
           0
           0
           0
           0
    -3.2e-07
-1.58069e-12
-1.44369e-11
-4.32972e-08
 3.14005e-11
-1.04314e-10
 9.10994e-19
 1.24764e-19
     1.9e-17
   -3.04e-18
-8.55999e-07
-4.66301e-12
-1.70176e-11
 -4.7736e-08
 2.91818e-11
-9.87848e-11
 -5.4127e-19
 1.30378e-18
    -9.6e-18
   -1.04e-18
   -1.38e-06
-7.07294e-12
 -4.8306e-11
-4.82156e-08
  2.4609e-11
-8.48396e-11
-4.32996e-18
-2.92557e-18
   -2.34e-17
     1.6e-18
  -2.072e-06
-9.63343e-12
-5.46327e-11
-5.10152e-08
 1.79352e-11
 -6.2259e-11
 2.22406e-20
  3.3961e-18
     3.2e-18
     1.4e-18
-2.74799e-06
-1.13143e-11
 -5.3611e-11
-5.03516e-08
 9.40698e-12
-3.27255e-11
-7.58757e-18
-6.10651e-19
       2e-17
    -3.4e-18
-3.22799e-06
-1.17863e-11
-6.62952e-11
-4.52812e-08
-3.00815e-13
 2.76297e-13
 1.14441e-17
-1.14161e-18
       4e-18
     1.2e-18
-3.61198e-06
-1.12449e-11
-5.58304e-11
 -4.8846e-08
-1.03101e-11
 3.48737e-11
-2.06402e-17
 1.29525e-18
       6e-18
    -2.2e-18
-4.07598e-06
-9.06013e-12
-5.35486e-11
 -5.6244e-08
-1.96005e-11
 6.60115e-11
 1.58591e-17
 2.27863e-19
     3.2e-17
    -2.4e-18
-4.62797e-06
-6.81948e-12
-3.31775e-11
-5.86092e-08
-2.71172e-11
 9.16676e-11
 1.90594e-18
-1.72528e-18
      -8e-18
       6e-19
-5.24396e-06
-3.47528e-12
-1.92557e-11
 -5.8868e-08
-3.23046e-11
  1.1034e-10
 -2.0946e-19
 3.06567e-19
     4.6e-18
  -1.304e-17
-5.83595e-06
 5.98499e-14
-2.25075e-12
 -6.0248e-08
-3.46163e-11
  1.1741e-10
-8.05221e-19
-7.95414e-20
  -3.272e-17
   1.312e-17
-6.35994e-06
 3.23101e-12
 1.46047e-11
 -6.7756e-08
 -3.3796e-11
 1.14162e-10
-2.48175e-21
 3.51233e-19
   2.008e-17
       6e-19
-6.90792e-06
 6.32424e-12
  4.2346e-11
  -7.644e-08
-2.99444e-11
 1.02854e-10
-4.04476e-18
-1.68003e-18
    1.34e-17
    -5.6e-19
 -7.4439e-06
 8.59577e-12
 4.58938e-11
 -7.7688e-08
-2.32737e-11
 8.01797e-11
 8.44323e-18
-1.84548e-19
      -4e-18
     3.8e-18
-7.88388e-06
 1.05815e-11
 5.75469e-11
 -7.9124e-08
-1.42542e-11
   4.925e-11
-6.34536e-18
-3.60637e-19
      -2e-18
       1e-18
-8.32385e-06
 1.15141e-11
 6.36214e-11
 -8.4568e-08
-3.43076e-12
 1.19481e-11
-1.80705e-17
 2.69902e-19
      -8e-18
     4.4e-18
-8.89182e-06
 1.14299e-11
 5.90099e-11
 -8.6712e-08
 8.27438e-12
-2.73858e-11
 3.46969e-17
 6.19822e-19
     1.6e-17
       2e-19
-9.49579e-06
  1.0058e-11
 5.38689e-11
 -9.1144e-08
 1.96419e-11
-6.58923e-11
-2.24071e-17
 2.55177e-18
    -2.6e-17
    -1.8e-18
-9.98775e-06
 7.37142e-12
 3.52186e-11
 -9.9824e-08
 2.93921e-11
-9.89706e-11
 7.73712e-18
-3.99807e-19
     3.8e-18
     1.9e-17
-1.04477e-05
 3.78458e-12
 2.05463e-11
-1.06676e-07
 3.61997e-11
-1.23203e-10
-3.03271e-18
-1.39152e-18
    -9.4e-18
  -3.206e-17
-1.08997e-05
-4.03647e-13
-2.85133e-12
-1.14072e-07
 3.91438e-11
-1.34373e-10
 1.35398e-18
-6.33609e-20
    1.94e-17
    -1.4e-18
-1.13116e-05
-4.34043e-12
-2.25348e-11
-1.19212e-07
 3.77965e-11
  -1.281e-10
-2.19496e-18
 1.21701e-18
   -2.46e-17
   2.086e-17
-1.17595e-05
 -7.6671e-12
-4.69852e-11
-1.22112e-07
 3.21668e-11
-1.09295e-10
 1.79578e-17
-1.49752e-19
    -1.2e-18
    -7.8e-18
-1.22795e-05
-1.01444e-11
-5.58196e-11
-1.28588e-07
 2.28316e-11
-7.79481e-11
-2.53374e-17
-2.86991e-18
     1.4e-17
     1.2e-18
-1.27314e-05
-1.13832e-11
-5.76297e-11
 -1.3212e-07
 1.07588e-11
-3.75189e-11
 1.53956e-17
 1.04917e-18
    -1.2e-17
       4e-19
-1.29673e-05
-1.15894e-11
-6.28623e-11
-1.30124e-07
-2.88339e-12
 8.48796e-12
 9.24297e-18
 2.53094e-18
    -2.4e-17
     1.6e-18
-1.31872e-05
-1.07908e-11
-5.68675e-11
-1.32812e-07
-1.67206e-11
 5.70053e-11
-9.46503e-18
 9.40855e-20
      -2e-17
    -3.2e-18
-1.36111e-05
-8.18589e-12
-4.27605e-11
-1.39864e-07
-2.91734e-11
 9.90589e-11
 1.08764e-17
-1.91405e-18
       2e-18
    -6.6e-18
 -1.4011e-05
-5.07216e-12
-2.51475e-11
-1.44044e-07
-3.86738e-11
 1.30736e-10
-1.71697e-17
 2.26964e-18
    -3.1e-17
    2.24e-17
-1.43828e-05
-9.54042e-13
 3.72257e-12
-1.47128e-07
-4.37727e-11
 1.48515e-10
-1.15212e-18
-1.09666e-18
       5e-18
  -1.746e-17
-1.48587e-05
 3.98203e-12
 2.21861e-11
-1.50244e-07
-4.32552e-11
 1.47542e-10
-1.92066e-18
 1.57886e-18
    -5.4e-18
   -3.06e-18
-1.51465e-05
 7.92366e-12
 4.13233e-11
 -1.4934e-07
-3.68149e-11
 1.25612e-10
-1.40683e-17
 6.29302e-19
    3.26e-17
       4e-19
-1.54344e-05
 1.12919e-11
  5.8893e-11
 -1.4658e-07
-2.50064e-11
 8.56307e-11
  1.8688e-17
 2.74024e-19
      -3e-17
      -2e-19
-1.59222e-05
 1.27141e-11
 6.87003e-11
 -1.4668e-07
-9.12679e-12
 3.12778e-11
-4.22925e-18
 -1.5536e-19
       6e-18
    -2.2e-18
-1.62301e-05
 1.25762e-11
 6.46337e-11
 -1.4356e-07
 8.53625e-12
-2.90114e-11
-9.93363e-18
-2.78131e-19
       8e-18
    -3.4e-18
-1.62019e-05
 1.05286e-11
 5.13065e-11
-1.34628e-07
 2.54802e-11
-8.58737e-11
 1.60373e-17
-2.27604e-18
    -2.2e-17
   -1.64e-17
-1.61857e-05
  6.7757e-12
 3.27752e-11
-1.30432e-07
 3.92675e-11
-1.33412e-10
-9.99444e-18
 2.25857e-18
    1.72e-17
    3.32e-17
-1.63896e-05
 2.48492e-12
  1.2152e-11
-1.30624e-07
 4.76745e-11
-1.62506e-10
 1.32217e-18
 7.73716e-19
   -8.72e-18
  -2.324e-17
-1.66814e-05
 -2.7896e-12
-1.78403e-11
-1.23412e-07
 4.92878e-11
 -1.6753e-10
-7.97888e-19
  1.2265e-18
  -2.112e-17
   2.516e-17
-1.69372e-05
-6.98943e-12
-4.10465e-11
 -1.1042e-07
 4.33917e-11
-1.47066e-10
 1.26692e-18
-1.58471e-18
    3.08e-17
      -3e-18
-1.70891e-05
-1.09014e-11
-5.52505e-11
  -9.844e-08
 3.02153e-11
-1.03081e-10
-3.81409e-18
 6.46481e-19
    -1.2e-17
   -1.12e-17
-1.70369e-05
-1.34622e-11
-6.77668e-11
  -8.828e-08
 1.13334e-11
-3.95676e-11
-1.29996e-18
 2.74221e-19
       8e-18
    -1.4e-18
-1.70248e-05
-1.33624e-11
-6.89547e-11
   -7.84e-08
 -1.0623e-11
 3.54792e-11
 2.28255e-17
-1.11878e-18
      -8e-18
    -1.8e-18
-1.71807e-05
-1.14193e-11
 -5.7646e-11
  -6.828e-08
-3.19842e-11
 1.08418e-10
-1.68376e-17
 2.51299e-19
       6e-18
    -6.2e-18
-1.72886e-05
-6.83196e-12
-2.98804e-11
   -5.84e-08
-4.86667e-11
 1.65382e-10
 3.72173e-18
 4.41642e-19
   -1.32e-17
     1.9e-17
-1.73725e-05
-1.05174e-12
-1.09122e-12
  -4.472e-08
-5.74883e-11
 1.95977e-10
 5.72937e-19
-8.05798e-19
    1.82e-17
  -1.312e-17
-1.75085e-05
 5.81547e-12
 2.49052e-11
  -2.852e-08
-5.69765e-11
 1.94444e-10
-6.79132e-18
 3.29122e-18
   -2.06e-17
   1.388e-17
-1.75364e-05
 1.16329e-11
 6.16546e-11
  -1.652e-08
-4.89026e-11
 1.66914e-10
 1.65347e-17
-1.76068e-18
     2.6e-17
   -3.42e-17
-1.74004e-05
 1.65886e-11
 8.26893e-11
    -6.2e-09
 -4.0493e-11
 1.38076e-10
-1.32355e-17
 4.80787e-18
    -1.4e-17
      -6e-19
           0
           0
           0
           0
           0