-5.30425e-30
           0
       1e-22
     9.81587
-3.54091e-09
-2.35257e-08
 5.30425e-08
-9.76145e-09
           0
           0
 0.000109815
-7.84969e-08
-2.60751e-07
     9.65939
-4.41998e-09
-1.81257e-08
 5.12606e-08
-9.42089e-09
-2.74129e-08
 5.23934e-09
 0.000230129
-1.51447e-07
 -5.0773e-07
     9.50423
-4.06951e-09
-3.29157e-08
 4.55139e-08
-8.37667e-09
-6.09979e-08
 1.08256e-08
 0.000352214
-2.12968e-07
-7.19738e-07
     9.35038
-4.03688e-09
-1.83015e-08
 3.53939e-08
 -6.6227e-09
-9.46941e-08
 1.61587e-08
 0.000481553
-2.57802e-07
-8.75456e-07
     9.19828
-2.96816e-09
-5.05876e-09
 2.20849e-08
-4.22257e-09
 -1.1006e-07
 2.07664e-08
 0.000608828
-2.81321e-07
-9.57225e-07
     9.04783
 -1.3051e-09
-1.49998e-08
 6.91964e-09
-1.34026e-09
-1.23251e-07
 2.35767e-08
 0.000722956
-2.80569e-07
-9.56555e-07
     8.89859
 4.41208e-10
 7.77279e-09
-9.41197e-09
 1.76164e-09
-1.28004e-07
 2.41449e-08
 0.000846057
-2.54799e-07
-8.69409e-07
     8.75035
 2.60727e-09
 6.49856e-09
-2.54427e-08
 4.77022e-09
-1.18622e-07
  2.2141e-08
 0.000987881
-2.05804e-07
-7.04369e-07
     8.60325
 3.58955e-09
 2.54587e-08
-3.94984e-08
  7.3838e-09
-9.76189e-08
  1.8068e-08
  0.00113583
-1.38016e-07
-4.75297e-07
     8.45752
 5.09677e-09
 2.38766e-08
-5.00815e-08
 9.36162e-09
 -6.5198e-08
 1.23599e-08
  0.00128453
-5.72621e-08
-1.99405e-07
     8.31333
 5.78588e-09
 2.91675e-08
-5.62919e-08
 1.05036e-08
-3.03466e-08
 5.20965e-09
  0.00143648
 2.92747e-08
 9.40202e-08
     8.17062
 5.71276e-09
 3.21988e-08
-5.76166e-08
 1.06899e-08
 9.96576e-09
  -2.344e-09
   0.0016071
 1.13761e-07
 3.79484e-07
     8.02925
  5.5928e-09
 3.90096e-08
-5.32811e-08
 9.90253e-09
  5.6735e-08
-9.76949e-09
  0.00179957
 1.88621e-07
 6.36506e-07
     7.88923
 4.72952e-09
 2.02516e-08
-4.33759e-08
 8.19189e-09
  9.5652e-08
-1.65481e-08
  0.00199496
 2.46807e-07
 8.37097e-07
     7.75054
 3.96957e-09
 1.97947e-08
-2.92321e-08
 5.66938e-09
 1.21945e-07
-2.22597e-08
  0.00219376
 2.82447e-07
 9.60114e-07
     7.61296
 2.36963e-09
 1.38375e-08
-1.19442e-08
 2.50513e-09
 1.44024e-07
-2.64212e-08
   0.0024063
 2.91032e-07
  9.9015e-07
     7.47648
 3.99539e-10
-3.17129e-09
 7.23401e-09
-1.04777e-09
 1.51025e-07
-2.82388e-08
  0.00262466
 2.70355e-07
 9.21631e-07
     7.34141
-2.01423e-09
-9.05689e-09
 2.63457e-08
-4.64995e-09
 1.43001e-07
-2.71793e-08
  0.00285389
 2.21263e-07
 7.57055e-07
     7.20787
-4.54434e-09
-2.89655e-08
 4.33143e-08
-7.90356e-09
 1.18055e-07
-2.28762e-08
  0.00310444
 1.47793e-07
 5.09617e-07
     7.07556
-6.59713e-09
-3.04442e-08
 5.61282e-08
-1.04024e-08
 7.90811e-08
-1.55674e-08
  0.00337234
 5.73051e-08
 2.01717e-07
     6.94439
-7.95353e-09
-4.38498e-08
 6.32413e-08
-1.18058e-08
 3.03518e-08
-6.02355e-09
   0.0036585
-4.05486e-08
-1.34227e-07
     6.81436
-8.10019e-09
-4.26555e-08
 6.34996e-08
-1.19045e-08
-2.63785e-08
 4.50448e-09
   0.0039575
-1.35039e-07
-4.54439e-07
     6.68535
-7.32055e-09
 -4.5102e-08
 5.63301e-08
-1.06617e-08
-8.39206e-08
 1.46158e-08
  0.00426397
-2.15462e-07
-7.27727e-07
     6.55746
-5.86405e-09
-2.68034e-08
 4.23563e-08
-8.19983e-09
-1.31062e-07
 2.32596e-08
  0.00458677
-2.72553e-07
-9.22663e-07
     6.43088
-3.67169e-09
-1.44639e-08
 2.35599e-08
-4.76979e-09
-1.58113e-07
 2.95102e-08
  0.00491787
-2.99469e-07
-1.01657e-06
      6.3054
-1.36018e-09
-9.20639e-09
 1.99689e-09
-7.19092e-10
-1.73626e-07
 3.28082e-08
  0.00524352
-2.92281e-07
-9.95442e-07
     6.18052
 1.31016e-09
 8.44082e-09
-2.06072e-08
 3.54811e-09
-1.74129e-07
 3.28411e-08
  0.00557631
-2.50504e-07
-8.53085e-07
     6.05621
  4.6444e-09
 2.67834e-08
-4.17439e-08
 7.56387e-09
-1.51051e-07
 2.89399e-08
  0.00592724
-1.77594e-07
-6.05531e-07
     5.93295
  7.0406e-09
 4.05279e-08
-5.85145e-08
 1.08285e-08
-1.06958e-07
 2.12855e-08
  0.00628798
-8.09259e-08
-2.78799e-07
     5.81068
 9.44818e-09
 5.65856e-08
-6.82846e-08
 1.28937e-08
-4.33517e-08
 1.04858e-08
  0.00665698
 2.84956e-08
 9.24486e-08
     5.68936
 1.10634e-08
 5.10188e-08
-6.93399e-08
 1.33837e-08
 2.71162e-08
-2.94664e-09
  0.00703367
 1.36636e-07
 4.61342e-07
     5.56921
 1.02749e-08
 5.06441e-08
 -6.1488e-08
 1.20925e-08
 9.36829e-08
-1.69185e-08
   0.0074073
  2.2869e-07
 7.75448e-07
     5.44977
 8.58224e-09
 4.32886e-08
-4.53119e-08
 9.09061e-09
 1.55179e-07
 -2.9264e-08
  0.00777486
 2.91234e-07
 9.89693e-07
     5.33106
 4.90651e-09
 2.69826e-08
-2.21487e-08
 4.71236e-09
 2.01178e-07
-3.80937e-08
  0.00814281
 3.14093e-07
 1.06808e-06
     5.21357
 6.97091e-10
-1.52131e-09
 5.08776e-09
-4.78221e-10
 2.17844e-07
-4.17614e-08
  0.00850189
 2.92796e-07
 9.95814e-07
     5.09683
-4.06809e-09
-2.50227e-08
 3.22785e-08
-5.76383e-09
 2.00475e-07
-3.95556e-08
  0.00883815
 2.29141e-07
 7.81326e-07
     4.98002
-8.51992e-09
-4.48588e-08
 5.53682e-08
-1.03707e-08
 1.54753e-07
-3.13196e-08
  0.00916451
 1.31006e-07
 4.47993e-07
     4.86319
-1.14911e-08
-5.87262e-08
 7.10814e-08
-1.35913e-08
 8.69879e-08
-1.82285e-08
  0.00949176
 1.18393e-08
 4.17804e-08
     4.74687
-1.36637e-08
-7.36733e-08
 7.67606e-08
-1.48916e-08
 3.85467e-10
-1.77475e-09
  0.00980095
-1.11382e-07
-3.77017e-07
     4.63125
 -1.3142e-08
-6.78975e-08
 7.07925e-08
-1.39827e-08
-9.22036e-08
 1.57564e-08
   0.0100776
-2.19887e-07
-7.44872e-07
     4.51627
-1.17039e-08
-5.32025e-08
 5.36586e-08
-1.08783e-08
-1.71393e-07
 3.20036e-08
   0.0103238
 -2.9547e-07
-1.00278e-06
     4.40167
-7.90364e-09
-3.72777e-08
 2.75322e-08
-5.88457e-09
-2.30552e-07
 4.48236e-08
   0.0105441
-3.23867e-07
-1.10206e-06
     4.28695
-1.62213e-09
  -7.905e-09
-4.35962e-09
 3.47286e-10
-2.60091e-07
 5.10512e-08
   0.0107405
 -2.9738e-07
-1.01368e-06
      4.1722
 4.98778e-09
 2.90627e-08
-3.72726e-08
 6.84096e-09
-2.46263e-07
 4.88516e-08
   0.0109116
-2.17484e-07
-7.42996e-07
     4.05784
 1.19467e-08
 6.61015e-08
-6.52444e-08
 1.24723e-08
-1.84071e-07
 3.77845e-08
   0.0110577
-9.58666e-08
 -3.2975e-07
     3.94374
 1.64301e-08
 8.17772e-08
-8.28926e-08
  1.6179e-08
-8.74408e-08
 1.92419e-08
   0.0111698
 4.78351e-08
 1.60078e-07
     3.82984
 1.75111e-08
  8.0061e-08
 -8.7387e-08
  1.7239e-08
 1.82971e-08
-2.93375e-09
   0.0112414
 1.90282e-07
 6.46273e-07
     3.71629
 1.15196e-08
 6.21259e-08
-7.89708e-08
 1.56249e-08
 1.11183e-07
-2.18987e-08
   0.0112825
  3.1257e-07
 1.06364e-06
     3.60282
 -3.8551e-09
-2.21738e-08
-6.28205e-08
 1.24527e-08
 1.37283e-07
-2.69056e-08
   0.0112976
 4.13812e-07
 1.40897e-06
       3.489
-3.73455e-08
-1.88047e-07
-5.38971e-08
 1.07038e-08
           0
           0