           0
           0
           0
           0
           0
 1.76496e-07
 7.68992e-07
 1.08604e-27
-2.03498e-34
 2.65738e-14
-9.18028e-09
 1.18747e-05
-1.24263e-25
 9.64966e-33
  1.3219e-11
 8.20422e-07
-1.44052e-06
-4.18386e-27
  6.6412e-35
-1.14937e-15
-2.01428e-08
 1.13527e-05
-1.24907e-25
-1.60828e-33
 8.03101e-12
 2.34539e-06
-2.64476e-07
-6.02969e-27
-9.37358e-35
-1.00943e-14
  -5.664e-08
 1.12996e-05
 -1.2648e-25
 1.02203e-32
 -9.0271e-12
 4.29492e-06
-6.09655e-07
-7.20209e-27
-8.69305e-35
 3.41079e-14
-1.02521e-07
 1.15948e-05
-1.28335e-25
 6.22558e-34
-7.93762e-12
 4.45435e-06
-2.24819e-06
-8.01719e-27
 3.64004e-35
-1.47505e-13
-9.14119e-08
  1.1319e-05
-1.29369e-25
-1.61346e-32
 8.97522e-12
  2.1481e-06
 5.33931e-07
-9.08988e-27
-1.75738e-34
 1.47368e-13
-4.43054e-09
 1.12836e-05
-1.30832e-25
 1.56677e-32
-1.06873e-11
 4.24312e-07
-1.28607e-06
 -1.0471e-26
 3.26929e-35
 4.96757e-14
 6.04351e-08
 1.13375e-05
-1.33283e-25
-1.92474e-32
  1.7276e-11
 8.19987e-07
-9.47989e-07
-4.57953e-27
 1.03585e-34
-2.95701e-14
 5.11723e-08
 1.10567e-05
-1.35739e-25
 1.06873e-32
-5.70678e-13
 1.11886e-06
-3.49087e-07
 -7.4397e-27
-2.10469e-35
-5.12037e-14
 3.91332e-08
 1.10914e-05
-1.38291e-25
-1.03241e-32
-1.72241e-11
 7.24674e-07
-1.93534e-06
-7.39753e-27
  6.9805e-35
-2.55729e-14
  4.4726e-08
 1.10564e-05
-1.41908e-25
 1.51489e-32
-3.63159e-12
 5.56424e-07
-5.73025e-07
-1.51192e-27
-1.93341e-34
 1.25598e-13
 3.88187e-08
 1.07908e-05
-1.46948e-25
 -1.0376e-33
  1.4267e-11
 3.54367e-07
-1.48741e-07
 3.04289e-27
-3.88517e-35
-1.98685e-13
 3.11142e-08
 1.06606e-05
-1.52662e-25
-5.86243e-33
-1.45782e-11
  8.3506e-08
-1.95989e-06
 3.76569e-27
 1.41942e-34
 2.06545e-13
 2.42939e-08
 1.06484e-05
 -1.5908e-25
  7.7301e-33
 7.26319e-13
-8.83933e-08
-6.30294e-07
 4.05692e-27
-1.52677e-34
-1.01183e-13
 1.47992e-08
 1.05043e-05
-1.66466e-25
-1.13617e-32
 1.20776e-11
-2.39576e-07
-8.19407e-07
  1.1179e-26
 1.20245e-34
 3.30897e-15
  5.2306e-09
 1.02189e-05
-1.74786e-25
 2.07522e-34
-1.19116e-11
-3.67113e-07
-1.74941e-06
 1.23765e-26
  3.8285e-36
-6.18231e-15
-4.09991e-09
 1.02034e-05
-1.83382e-25
 2.00775e-33
 7.03491e-12
 -4.1927e-07
 2.75151e-07
 1.10381e-26
-1.22616e-36
 7.38582e-15
-1.23523e-08
 1.00519e-05
-1.92013e-25
  2.9364e-33
-5.91431e-13
-4.00024e-07
-2.31771e-06
 9.05646e-27
 3.24834e-35
-7.02108e-15
-2.01002e-08
 9.79073e-06
-2.00623e-25
 1.26535e-32
-2.63031e-12
 -3.5412e-07
-7.75216e-07
 7.92922e-27
-1.77643e-34
 1.14925e-14
-2.64036e-08
 9.84225e-06
-2.08077e-25
 -8.5083e-33
-1.85211e-12
-2.53275e-07
-6.76659e-07
 2.55947e-27
 7.89918e-36
-1.13433e-14
-3.06121e-08
 9.54468e-06
-2.14427e-25
 8.56018e-33
-3.69904e-12
-1.01087e-07
-1.70494e-06
-8.72668e-27
 4.95114e-35
 1.18873e-15
-3.30768e-08
 9.32032e-06
-2.19131e-25
-1.88324e-32
 2.06015e-11
 7.08348e-08
-5.29496e-07
-1.79241e-26
-5.11195e-36
 1.68061e-14
-3.34524e-08
 9.29672e-06
 -2.2171e-25
  1.6861e-32
-2.11826e-11
 2.43083e-07
-2.13325e-06
-3.24285e-26
 -7.2313e-35
 2.89643e-16
-3.19162e-08
 9.09654e-06
-2.21701e-25
-9.18274e-33
 7.26318e-13
 4.11672e-07
-2.75873e-07
-4.79328e-26
-5.95728e-35
-5.46462e-15
-2.86924e-08
 8.94429e-06
-2.18147e-25
-6.74438e-34
 2.05704e-11
 5.50439e-07
-1.41215e-06
-6.68497e-26
 2.47903e-34
-1.85496e-15
-2.36512e-08
  8.6586e-06
 -2.1169e-25
 -6.9519e-33
-1.11179e-11
 6.43742e-07
-1.28548e-06
-8.99056e-26
-6.56539e-35
-2.61447e-15
-1.69629e-08
  8.6364e-06
-2.01119e-25
-9.85719e-34
 3.74054e-12
 7.02615e-07
-1.31329e-06
 -1.1428e-25
 1.43207e-35
-7.95989e-15
-9.16703e-09
 8.45861e-06
-1.86125e-25
 2.10114e-32
-8.75214e-12
 7.11491e-07
-1.56975e-06
-1.36717e-25
 3.73546e-35
 3.99875e-15
-1.40958e-09
 8.07585e-06
-1.68134e-25
-1.54602e-32
 4.15558e-12
 6.55973e-07
-6.28388e-07
-1.54607e-25
-2.41394e-35
 -7.7522e-15
 6.81292e-09
 8.11609e-06
-1.46778e-25
  8.7677e-33
 7.96356e-12
 5.51266e-07
 -1.6709e-06
-1.79411e-25
 9.66511e-34
-2.52609e-16
 1.55032e-08
 7.80782e-06
-1.20882e-25
-4.87671e-33
-6.75476e-12
 4.13384e-07
-1.06418e-06
-2.07386e-25
 9.99853e-35
 1.65686e-14
 2.29572e-08
 7.49362e-06
-9.07286e-26
  1.0376e-32
-9.85717e-13
 2.40363e-07
-2.22201e-06
-2.24821e-25
-2.18183e-33
 3.77644e-15
 2.89371e-08
  7.4955e-06
-5.89471e-26
-5.18799e-33
-3.52264e-12
 5.46225e-08
-4.32143e-07
-2.35186e-25
 1.90076e-33
-1.39049e-14
  3.3654e-08
 7.17405e-06
-2.51082e-26
-5.18799e-33
 7.40326e-12
-1.22673e-07
-1.39129e-06
-2.52106e-25
-2.00781e-33
-7.76788e-15
 3.67896e-08
 6.92161e-06
 1.10672e-26
 8.81958e-33
 7.18018e-12
 -2.8132e-07
-2.39816e-06
-2.62032e-25
 1.23719e-33
 3.00296e-15
 3.77002e-08
 6.77103e-06
 4.84602e-26
-1.91956e-32
 -1.5896e-11
-3.96955e-07
-2.60856e-07
-2.64304e-25
-6.96856e-34
 -3.4952e-15
 3.57846e-08
 6.52211e-06
 8.74173e-26
 1.50452e-32
 -7.2113e-13
-4.66804e-07
-2.29787e-06
-2.63868e-25
  7.2938e-34
 1.34629e-14
 3.17122e-08
 6.25945e-06
 1.25493e-25
-7.88574e-33
  1.3385e-11
 -4.8307e-07
-7.64119e-07
-2.56754e-25
-2.74425e-35
-6.26043e-15
 2.60895e-08
  5.9565e-06
 1.62152e-25
-6.22559e-33
-1.13773e-11
-4.24342e-07
-1.75118e-06
-2.48188e-25
-6.06823e-35
-7.94147e-15
 1.90283e-08
 5.90986e-06
 1.97801e-25
 6.12183e-33
-3.09204e-12
-2.91348e-07
-1.92607e-06
-2.26266e-25
 1.34184e-35
 1.61637e-14
 1.07678e-08
 5.64698e-06
 2.31358e-25
 3.47595e-33
 4.06738e-12
 -1.0726e-07
-1.39459e-07
-2.03128e-25
-1.05936e-34
-1.69929e-15
 1.10847e-09
 5.28038e-06
 2.62231e-25
 9.07898e-33
 7.78198e-13
 9.46334e-08
-2.55227e-06
-1.74028e-25
 2.92162e-35
-1.42857e-14
-1.00628e-08
 5.25128e-06
 2.89053e-25
-1.18805e-32
 1.03448e-11
 3.15958e-07
-5.69092e-07
-1.38114e-25
 5.43241e-35
-3.93042e-16
-2.24519e-08
 5.02921e-06
 3.12095e-25
 1.19843e-32
-9.23462e-12
 5.97473e-07
-1.15977e-06
-1.04718e-25
-2.98798e-37
 1.31183e-14
  -3.464e-08
 4.85412e-06
  3.3103e-25
-1.86768e-33
 1.47079e-11
 9.72014e-07
-2.14852e-06
-5.86139e-26
  5.8252e-35
-1.44187e-15
-4.36126e-08
 4.75683e-06
 3.45383e-25
 -1.6861e-32
 -2.3637e-11
 1.44927e-06
-2.52159e-07
-1.10792e-26
-1.12755e-34
 2.37312e-15
-4.63189e-08
  4.6518e-06
  3.5577e-25
 2.27753e-32
-6.41754e-13
 1.98414e-06
-1.62304e-06
  3.6528e-26
 3.00458e-35
-1.41145e-15
-4.11482e-08
 4.61201e-06
 3.62198e-25
-1.49829e-32
 3.70474e-12
 2.45697e-06
-7.61116e-07
 8.19903e-26
-2.25045e-35
 7.64724e-16
-2.84274e-08
 4.50673e-06
  3.6524e-25
-1.05835e-32
 6.14066e-12
 2.73744e-06
-1.12163e-06
 1.35748e-25
 1.62353e-35
-6.77742e-16
-1.01738e-08
 4.61959e-06
 3.65881e-25
 8.23853e-33
 1.44119e-11
           0
           0
           0
           0
           0