   -0.072901
    0.159712
 2.25491e-22
      6.9768
   -0.121646
-6.29021e-22
-3.09311e-21
     1.14259
           0
           0
   -0.071999
    0.155673
 1.78203e-22
     6.84403
  -0.0375467
-1.84852e-22
-3.12256e-21
     1.14837
-4.90855e-22
   0.0963505
  -0.0699493
     0.15237
 1.29659e-22
     6.71043
  -0.0102942
-4.21432e-23
-3.18942e-21
     1.16167
-6.23477e-22
    0.125301
  -0.0676038
    0.149178
 7.98987e-23
     6.57578
  -0.0017137
 4.90248e-24
 -3.2652e-21
     1.17714
-6.39563e-22
    0.132567
  -0.0652237
    0.145908
 2.90361e-23
     6.43963
  0.00114661
 2.08893e-23
-3.34059e-21
     1.19307
-6.16979e-22
     0.13291
  -0.0629059
    0.142664
 -2.2585e-23
     6.30231
  0.00267993
 2.68704e-23
-3.41248e-21
     1.20888
-5.81061e-22
    0.130596
  -0.0607081
    0.139386
-7.49953e-23
     6.16477
  0.00253888
 2.97872e-23
-3.47973e-21
     1.22436
-5.39917e-22
     0.12744
  -0.0586455
    0.136048
-1.28577e-22
     6.02735
  0.00289256
 3.22407e-23
-3.54187e-21
     1.23946
-4.95748e-22
    0.124156
  -0.0566946
    0.132735
-1.83263e-22
     5.88942
  0.00304174
 3.28944e-23
-3.59862e-21
     1.25414
-4.49959e-22
    0.120569
  -0.0548406
     0.12938
-2.39013e-22
     5.75064
   0.0028046
 3.48215e-23
-3.64979e-21
      1.2684
-4.02894e-22
    0.117035
  -0.0530895
    0.125981
-2.96285e-22
     5.61135
  0.00324575
 3.78779e-23
-3.69515e-21
     1.28222
-3.53113e-22
    0.113379
  -0.0514404
    0.122624
-3.55523e-22
     5.47164
  0.00305704
  4.0137e-23
-3.73436e-21
      1.2956
-3.00437e-22
    0.109571
  -0.0498859
     0.11929
-4.16994e-22
     5.33148
  0.00282334
  4.2272e-23
-3.76711e-21
     1.30853
-2.45425e-22
    0.106019
   -0.048423
    0.115913
-4.80917e-22
     5.19094
  0.00318129
 4.53793e-23
-3.79309e-21
     1.32104
-1.87559e-22
    0.102392
  -0.0470493
    0.112542
-5.47699e-22
     5.05005
  0.00293381
 4.96975e-23
-3.81188e-21
      1.3331
-1.25532e-22
   0.0986993
  -0.0457605
    0.109261
-6.17671e-22
      4.9088
  0.00299722
 5.25655e-23
-3.82298e-21
     1.34473
-5.94861e-23
   0.0951184
  -0.0445536
    0.105929
-6.90897e-22
     4.76724
  0.00302477
 5.56081e-23
-3.82596e-21
     1.35593
 9.80978e-24
   0.0914832
  -0.0434254
    0.102639
-7.67446e-22
     4.62535
  0.00272426
 5.91039e-23
-3.82041e-21
      1.3667
 8.27406e-23
   0.0880133
  -0.0423717
   0.0994156
-8.47275e-22
     4.48314
  0.00301825
 6.22796e-23
-3.80588e-21
     1.37705
 1.59396e-22
   0.0845481
  -0.0413905
   0.0961309
-9.29997e-22
     4.34063
  0.00282485
 6.44861e-23
-3.78197e-21
     1.38699
    2.39e-22
   0.0810227
  -0.0404792
   0.0929527
-1.01514e-21
     4.19781
  0.00277462
 6.57357e-23
-3.74841e-21
     1.39651
 3.20399e-22
    0.077645
   -0.039634
   0.0898128
-1.10213e-21
      4.0547
  0.00270968
 6.72913e-23
-3.70499e-21
     1.40563
 4.03214e-22
   0.0743373
  -0.0388519
    0.086678
-1.19018e-21
      3.9113
  0.00265885
 6.70334e-23
-3.65161e-21
     1.41435
 4.86549e-22
      0.0711
  -0.0381308
   0.0835823
-1.27827e-21
     3.76764
  0.00278277
 6.59864e-23
-3.58828e-21
     1.42269
 5.68845e-22
   0.0678193
  -0.0374683
   0.0805278
-1.36512e-21
     3.62373
  0.00247985
 6.38373e-23
-3.51521e-21
     1.43064
 6.48974e-22
    0.064647
  -0.0368608
   0.0775679
-1.44959e-21
     3.47961
  0.00253823
 5.97546e-23
-3.43277e-21
     1.43821
 7.25125e-22
   0.0616226
  -0.0363055
   0.0745862
-1.53015e-21
      3.3353
  0.00238264
 5.56015e-23
 -3.3415e-21
     1.44543
 7.96108e-22
   0.0586574
     -0.0358
   0.0716713
-1.60513e-21
     3.19085
  0.00245873
 5.08951e-23
-3.24203e-21
     1.45229
 8.61563e-22
   0.0557407
  -0.0353415
   0.0688638
-1.67338e-21
     3.04628
  0.00240603
 4.50245e-23
-3.13511e-21
     1.45881
 9.20471e-22
   0.0528103
   -0.034927
   0.0660444
-1.73366e-21
     2.90162
  0.00212724
 3.63702e-23
-3.02166e-21
     1.46498
  9.7047e-22
   0.0500802
  -0.0345534
   0.0633175
-1.78415e-21
      2.7569
  0.00218943
 2.75104e-23
-2.90284e-21
     1.47083
 1.00978e-21
   0.0474809
  -0.0342172
   0.0606977
-1.82332e-21
     2.61217
  0.00201302
 2.05533e-23
-2.77989e-21
     1.47638
 1.03945e-21
   0.0449509
  -0.0339157
   0.0580706
-1.85055e-21
     2.46743
  0.00219801
 1.16239e-23
-2.65395e-21
     1.48162
 1.05944e-21
   0.0424162
  -0.0336465
   0.0555348
-1.86496e-21
      2.3227
  0.00185976
 1.45279e-24
-2.52632e-21
     1.48656
 1.06784e-21
   0.0399741
  -0.0334057
   0.0531116
-1.86569e-21
     2.17798
  0.00173387
-8.18736e-24
-2.39839e-21
     1.49123
 1.06424e-21
   0.0378118
  -0.0331905
   0.0507086
-1.85226e-21
     2.03328
  0.00202799
-1.74859e-23
-2.27159e-21
     1.49563
 1.04917e-21
   0.0355487
  -0.0329984
   0.0484002
-1.82404e-21
     1.88859
  0.00161699
-2.68061e-23
-2.14727e-21
     1.49977
 1.02285e-21
   0.0333563
  -0.0328264
   0.0461883
-1.78135e-21
     1.74389
   0.0018056
 -3.6819e-23
-2.02681e-21
     1.50365
 9.84846e-22
    0.031298
  -0.0326723
   0.0440607
-1.72465e-21
     1.59916
  0.00172355
-4.62167e-23
-1.91161e-21
     1.50727
 9.35136e-22
    0.029176
  -0.0325345
   0.0419694
-1.65433e-21
     1.45439
  0.00176741
-5.52068e-23
-1.80304e-21
     1.51065
 8.74342e-22
   0.0270774
  -0.0324118
    0.039941
-1.57112e-21
     1.30954
  0.00216066
-6.47345e-23
-1.70243e-21
     1.51376
 8.02393e-22
   0.0247165
  -0.0323029
   0.0380541
-1.47598e-21
     1.16461
   0.0018887
-7.40605e-23
-1.61114e-21
     1.51658
 7.19096e-22
    0.022283
  -0.0322064
   0.0361749
-1.37043e-21
     1.01959
  0.00245808
 -8.3246e-23
-1.53052e-21
     1.51909
 6.24665e-22
   0.0196713
  -0.0321221
    0.034343
 -1.2558e-21
    0.874467
   0.0025995
-9.07866e-23
-1.46183e-21
     1.52127
 5.20179e-22
   0.0166331
  -0.0320499
   0.0325964
-1.13364e-21
    0.729218
  0.00262479
 -9.4486e-23
-1.40608e-21
     1.52308
 4.08941e-22
   0.0134953
  -0.0319908
   0.0308498
-1.00567e-21
    0.583795
  0.00323173
-9.39345e-23
 -1.3638e-21
     1.52449
 2.95816e-22
  0.00997848
  -0.0319463
    0.029133
-8.73339e-22
    0.438155
  0.00271012
-8.75586e-23
-1.33483e-21
     1.52547
 1.86859e-22
  0.00641098
  -0.0319168
    0.027434
-7.38187e-22
     0.29228
  0.00252379
-7.08101e-23
-1.31812e-21
     1.52605
 9.17956e-23
  0.00326911
  -0.0319013
   0.0257349
-6.01573e-22
      0.1462
  0.00146157
-4.10698e-23
-1.31113e-21
      1.5263
 2.46469e-23
 0.000877124
  -0.0318969
   0.0240234
 -4.6457e-22
           0
           0
           0
-1.30965e-21
     1.52635
           0
           0