 1.21818e-30
          -0
-1.58615e-43
-1.49437e-07
 9.58788e-06
 2.62152e-17
-1.21818e-17
-2.79383e-07
          -0
          -0
 5.89395e-10
 2.87176e-06
-7.68072e-19
-1.43088e-07
-1.16415e-05
  5.8876e-18
-1.10208e-17
-2.05193e-07
 1.93488e-17
 1.23651e-06
 2.08019e-10
-1.34473e-06
 2.22266e-18
-1.20689e-07
 5.35884e-06
-1.11948e-17
-8.89081e-18
 1.70387e-07
 1.61517e-17
 5.02316e-06
 8.47333e-10
-1.34115e-06
 8.00872e-20
-1.01723e-07
 1.49385e-05
 8.15326e-18
-7.06261e-18
 3.94982e-08
 1.43183e-17
-7.20464e-06
  6.7141e-10
 9.65411e-07
-1.03102e-17
-1.22362e-07
-2.49946e-05
-3.26291e-18
-5.16763e-18
-4.61752e-07
 1.72647e-17
-1.14952e-06
 3.69739e-10
-6.69431e-07
-2.21143e-17
-1.49249e-07
  1.0391e-05
-4.02928e-17
-4.66962e-18
-7.18835e-08
-8.96441e-18
 7.64733e-06
 1.82167e-09
 7.81654e-07
-2.55406e-17
-1.18492e-07
 1.25731e-05
-1.06536e-17
-7.58602e-18
 1.61614e-08
-3.96424e-17
-6.17991e-06
-9.91283e-10
 1.94084e-06
-1.49877e-17
-6.63187e-08
-2.35523e-05
 3.62552e-17
-1.14185e-17
-3.28962e-07
-2.42321e-17
 4.27861e-07
-6.05555e-09
-2.88037e-06
-2.93658e-18
-4.65222e-08
 1.43529e-05
  1.0606e-17
-1.26339e-17
 5.47405e-08
 3.97502e-18
 5.96718e-06
-3.33906e-09
-1.24358e-06
-1.10003e-17
 5.14668e-08
  5.5331e-06
 -3.3361e-17
-1.29784e-17
 5.27252e-08
-9.71589e-18
-6.00077e-06
 5.41206e-10
 3.39314e-06
-3.46558e-17
 2.98421e-07
-1.23097e-05
-1.44459e-17
-1.58701e-17
-4.22778e-07
-3.84797e-17
-1.92429e-06
-2.25357e-09
 1.48675e-07
-4.63883e-17
 4.43309e-07
 3.37751e-06
 3.33308e-17
-1.98062e-17
-3.31233e-07
-2.71219e-17
 3.45004e-06
-8.90009e-09
-1.99241e-07
-4.00454e-17
 2.88765e-07
-1.52046e-08
 2.29341e-17
-2.10303e-17
-3.85804e-08
 6.72012e-18
  1.4275e-06
-1.01886e-08
-2.29079e-07
-3.14586e-17
-2.55908e-08
  6.5892e-06
-7.70876e-18
-1.96736e-17
-1.04461e-07
  1.5892e-17
-2.52552e-06
 1.43134e-08
-2.11044e-06
-3.01485e-17
-2.27622e-08
-1.14908e-05
-2.44306e-17
-1.89242e-17
-2.30755e-07
-3.40188e-18
 4.20626e-07
 2.04271e-08
 1.44781e-06
-3.29465e-17
-1.12214e-08
 6.08877e-06
-5.47262e-17
-2.21849e-17
 1.46239e-08
-5.09443e-17
 3.66902e-06
-1.51736e-08
 1.27649e-06
-3.47163e-17
-4.78629e-07
  1.3041e-05
-1.22602e-17
-3.06968e-17
-2.34929e-07
-9.09204e-17
-7.82824e-06
-1.44632e-08
-8.36448e-07
-4.17707e-17
 2.44577e-07
-2.60578e-05
 4.83988e-17
-4.02602e-17
-7.05121e-07
-6.84683e-17
-8.29126e-09
 1.22805e-08
 -2.2865e-07
 -5.1206e-17
 1.00889e-07
 1.38429e-05
 5.03024e-18
-4.64691e-17
 -2.6565e-07
-3.50134e-17
 7.33281e-06
 2.81092e-08
-9.92687e-08
-4.92634e-17
-1.18116e-06
  5.0629e-06
-3.74489e-17
-5.16252e-17
 -6.7128e-08
-5.09217e-17
-4.02411e-06
 -7.2934e-08
 1.42129e-06
-4.28428e-17
 4.50953e-07
-1.57998e-05
-4.36493e-17
-6.02009e-17
-1.63198e-07
-9.20076e-17
 2.42294e-06
-1.49574e-07
-3.21765e-07
-4.07722e-17
-1.37313e-06
 2.36131e-05
-3.30716e-17
-7.30688e-17
-1.53763e-07
-1.22457e-16
-2.26568e-06
 2.34969e-08
-1.14164e-06
-4.33064e-17
 -1.1617e-06
-1.81697e-05
-2.46869e-18
-8.72188e-17
 -6.2184e-07
-1.13375e-16
 -5.5356e-06
-1.00529e-07
 1.86436e-06
-5.28194e-17
 3.92621e-06
-7.64546e-06
-1.90507e-17
-9.88384e-17
-3.56468e-07
-8.02847e-17
 9.95848e-06
-3.31486e-07
-1.53148e-07
-5.83897e-17
-1.32382e-06
 2.77941e-05
-2.33312e-17
-1.06165e-16
 1.13141e-07
-4.18252e-17
-2.13167e-06
-1.45107e-07
-9.83578e-07
-5.35216e-17
-2.61967e-06
-2.09656e-05
 5.43548e-18
-1.07094e-16
-3.88533e-07
 2.63395e-17
-6.22956e-06
-6.60485e-08
 4.24998e-07
-5.18266e-17
 3.74457e-06
-4.52068e-06
-2.72658e-17
-1.00318e-16
-2.18506e-07
  8.6598e-17
 9.06333e-06
-1.64511e-08
-8.71341e-07
-5.73093e-17
 1.18933e-06
 1.61299e-05
-6.73264e-17
-8.99207e-17
 4.51074e-07
 8.66869e-17
 2.09634e-06
-1.46803e-08
 1.10516e-06
-5.93218e-17
-1.54978e-06
-4.91769e-06
-2.95854e-17
-8.04967e-17
 2.98924e-07
 7.03804e-17
-4.63216e-06
-2.00157e-07
 5.69147e-07
-5.87321e-17
-3.19987e-07
-2.54551e-06
 3.17022e-17
-7.03862e-17
 1.18523e-08
 9.81278e-17
-1.52372e-07
 -7.1443e-08
-2.64417e-06
-6.45101e-17
 3.46132e-09
 4.13136e-07
 1.00415e-17
-5.62792e-17
 7.03759e-08
 1.36989e-16
 1.12776e-06
 9.02834e-08
 5.73264e-07
-6.87739e-17
-3.29627e-07
 5.02012e-06
-5.19044e-17
-4.09737e-17
 9.89892e-09
 1.18102e-16
-2.13571e-06
-1.07328e-08
 1.88863e-06
-6.19462e-17
-1.97102e-07
-9.00834e-06
-4.62308e-17
-3.01872e-17
-1.02595e-07
 6.16738e-17
 2.60808e-07
-5.22335e-08
-1.11103e-06
-5.55792e-17
 4.81973e-07
-3.44701e-08
-1.47434e-17
-2.49315e-17
 2.54662e-07
 2.59207e-17
 5.69348e-06
-2.37252e-09
-1.18308e-06
-6.01308e-17
 4.22133e-07
 1.13784e-05
-1.67905e-18
-2.23936e-17
 5.28822e-07
 1.63785e-17
-1.12413e-06
 1.34705e-08
 3.12669e-07
 -6.7347e-17
 2.45655e-07
-8.61983e-06
  9.5551e-18
-2.01344e-17
 2.94512e-07
 2.12736e-17
-2.78104e-06
 5.37404e-09
 2.94805e-07
-6.38188e-17
  2.5895e-07
 5.50545e-06
 1.65889e-17
-1.66348e-17
 7.30771e-08
 3.70532e-17
-9.09547e-07
 2.33671e-09
-8.42724e-07
-5.15825e-17
 1.87942e-07
-4.83695e-06
 4.95813e-18
  -1.141e-17
-6.01509e-08
 5.00274e-17
-1.31092e-06
 5.33781e-09
-3.61793e-07
-4.81155e-17
 1.92592e-07
-2.39234e-06
  -2.751e-17
 -6.2203e-18
 4.33849e-08
 3.64676e-17
 3.03652e-06
 7.78288e-09
 3.37858e-07
-6.16096e-17
 1.21901e-07
 1.33684e-05
-3.19229e-17
-3.98907e-18
 1.15973e-08
 7.19517e-19
-3.56631e-06
  1.0339e-08
-8.35952e-08
-8.07087e-17
 9.76441e-08
 -1.9373e-05
-3.69609e-18
 -5.1883e-18
-1.99508e-07
-2.07067e-17
 4.78828e-08
 1.31432e-08
 1.82916e-07
-8.47012e-17
 1.86345e-07
 8.96319e-06
 1.45348e-17
-7.28174e-18
 1.81966e-07
 -1.4184e-17
 6.31002e-06
 1.13233e-08
-6.57575e-08
-6.88141e-17
 2.42005e-07
 1.19654e-05
 2.43129e-17
-7.58103e-18
 1.83448e-07
 9.19571e-18
-6.28532e-06
 5.35332e-09
-8.71245e-07
-5.72098e-17
 2.65772e-07
-2.28256e-05
 5.38155e-18
-5.40517e-18
-1.78451e-07
 2.70687e-17
  2.5368e-07
 2.82942e-09
-3.61994e-07
-6.21635e-17
 3.25106e-07
 1.38912e-05
-2.47122e-17
 -2.8553e-18
 1.74601e-07
 1.54292e-17
 5.63051e-06
 7.82473e-09
  4.5546e-07
-6.49916e-17
 3.37872e-07
 4.77349e-06
-3.36334e-18
-2.01805e-18
 1.75958e-07
-1.47518e-18
-5.60789e-06
 1.46852e-08
-3.03068e-07
 -6.1513e-17
 1.16047e-07
 -1.5351e-05
 1.36138e-17
-1.82462e-18
-1.14702e-07
 4.69914e-18
 7.63561e-07
 1.32122e-08
 -1.0541e-07
-6.63456e-17
-2.18355e-07
 1.35275e-05
-9.74608e-18
-1.12101e-18
 4.27328e-08
 7.02762e-18
 1.86035e-06
 4.69143e-09
  7.7517e-07
-7.48179e-17
-2.82265e-07
-5.56424e-06
  1.6433e-20
-6.29376e-19
-2.18242e-08
 1.16629e-18
 -2.9363e-06
 1.57882e-10
-2.10823e-06
 -7.5693e-17
  2.2439e-11
 6.90829e-07
-1.95174e-18
-5.59398e-19
-1.98002e-07
          -0
          -0