 1.24832e-28
           0
       1e-13
     30.1045
 0.000464213
-7.21623e-17
-1.24832e-15
     1.57075
           0
           0
 -5.2102e-07
 4.00441e-05
 1.00279e-13
     30.0561
 0.000112586
-6.79238e-18
-1.24865e-15
     1.57075
-1.63938e-17
-0.000119763
-6.06728e-07
  0.00011104
 1.00559e-13
     30.0077
-0.000246505
  5.6666e-17
 -1.2491e-15
     1.57074
-6.03952e-18
-9.19614e-05
-3.48607e-07
 0.000120734
 1.00838e-13
     29.9593
 8.09409e-05
 8.21947e-17
-1.24876e-15
     1.57074
 2.27886e-17
-5.75873e-05
 6.80683e-08
 9.63997e-05
 1.01112e-13
     29.9109
 7.07781e-05
 6.01667e-17
-1.24726e-15
     1.57074
  5.2342e-17
-8.90832e-05
 5.43802e-07
 0.000144539
 1.01375e-13
     29.8625
-0.000238556
 2.11208e-17
-1.24483e-15
     1.57073
 6.92159e-17
-5.42576e-05
 1.05772e-06
 0.000200305
 1.01627e-13
     29.8141
-7.36672e-05
-1.35658e-17
-1.24203e-15
     1.57073
 7.07844e-17
 1.05511e-05
 1.44922e-06
 0.000228019
 1.01869e-13
     29.7657
-0.000115989
-4.08679e-17
-1.23943e-15
     1.57073
 5.94865e-17
 4.99151e-05
 1.57958e-06
 0.000258449
 1.02103e-13
     29.7173
-3.74725e-05
-5.79324e-17
-1.23746e-15
     1.57074
 3.89813e-17
 8.17655e-05
 1.51483e-06
 0.000267543
 1.02331e-13
     29.6689
 0.000208421
-5.46543e-17
-1.23636e-15
     1.57074
  1.5616e-17
 4.62899e-05
 1.34494e-06
 0.000263948
 1.02554e-13
     29.6205
 2.33228e-05
-3.30575e-17
 -1.2361e-15
     1.57074
-2.58597e-18
-1.80234e-06
 1.12998e-06
 0.000241175
 1.02771e-13
     29.5721
-0.000158649
 6.36709e-19
-1.23634e-15
     1.57074
-9.31369e-18
 2.62775e-05
 8.13513e-07
 0.000211035
  1.0298e-13
     29.5237
-6.51697e-06
 3.59838e-17
-1.23656e-15
     1.57074
-1.71539e-18
 6.05493e-05
 4.30944e-07
 0.000254796
 1.03179e-13
     29.4753
 8.96803e-05
 6.61631e-17
-1.23621e-15
     1.57074
  1.9478e-17
 4.32951e-05
   4.027e-07
 0.000335623
  1.0337e-13
     29.4269
-0.000163616
 1.02328e-16
-1.23473e-15
     1.57074
 5.44345e-17
 5.86329e-05
  7.1448e-07
 0.000337439
  1.0356e-13
     29.3784
  0.00014421
 1.38103e-16
-1.23155e-15
     1.57075
 1.04313e-16
 6.26606e-05
 1.14141e-06
 0.000271485
 1.03749e-13
       29.33
 0.000285305
  1.6676e-16
-1.22612e-15
     1.57075
 1.67555e-16
-2.64389e-05
 1.51687e-06
 0.000247105
 1.03935e-13
     29.2816
-0.000247714
 1.73303e-16
  -1.218e-15
     1.57075
 2.38095e-16
-3.42398e-05
 1.78008e-06
 0.000273035
 1.04114e-13
     29.2332
-4.56161e-05
 1.45814e-16
-1.20716e-15
     1.57075
 3.04286e-16
 2.66038e-05
 1.93024e-06
 0.000357646
 1.04287e-13
     29.1848
 0.000226146
  1.1851e-16
-1.19389e-15
     1.57075
 3.59109e-16
-1.08377e-05
 1.98487e-06
  0.00045234
 1.04462e-13
     29.1364
-0.000129503
  1.2195e-16
-1.17853e-15
     1.57075
 4.08979e-16
-3.08831e-05
 1.96146e-06
 0.000470135
 1.04644e-13
      29.088
-0.000292338
 1.34672e-16
 -1.1611e-15
     1.57075
 4.62198e-16
 5.65982e-05
  1.8705e-06
 0.000444035
 1.04832e-13
     29.0396
 0.000294915
 1.33475e-16
 -1.1415e-15
     1.57075
 5.17803e-16
 5.60674e-05
 1.71849e-06
 0.000405331
 1.05017e-13
     28.9912
-4.27469e-05
 1.28338e-16
 -1.1197e-15
     1.57075
 5.72092e-16
 3.77643e-06
 1.51495e-06
 0.000432464
 1.05189e-13
     28.9428
-0.000101681
 1.25451e-16
-1.09577e-15
     1.57075
 6.24714e-16
 3.37223e-05
 1.27365e-06
 0.000452341
 1.05346e-13
     28.8944
 6.28299e-05
 1.18129e-16
-1.06977e-15
     1.57075
 6.75216e-16
 4.17784e-05
 1.01208e-06
 0.000463371
 1.05493e-13
     28.8459
-0.000533062
 9.79546e-17
-1.04187e-15
     1.57076
 7.20014e-16
 0.000139263
 7.48948e-07
 0.000471235
 1.05633e-13
     28.7975
 0.000195961
 6.08903e-17
-1.01241e-15
     1.57076
 7.52944e-16
 0.000209151
 4.99706e-07
 0.000463335
 1.05766e-13
     28.7491
 0.000365055
 2.98439e-17
-9.81912e-16
     1.57077
 7.71753e-16
 9.28564e-05
 2.76361e-07
 0.000447776
  1.0589e-13
     28.7007
-6.24366e-07
 2.98367e-17
-9.50795e-16
     1.57077
 7.84124e-16
 1.73139e-05
  8.8614e-08
 0.000452135
 1.06002e-13
     28.6524
 0.000111641
 5.49075e-17
-9.19078e-16
     1.57077
 8.01689e-16
-5.69589e-06
-5.81873e-08
 0.000486019
 1.06105e-13
      28.604
-0.000130087
 8.77539e-17
-8.86419e-16
     1.57077
 8.31256e-16
-1.87447e-06
-1.62063e-07
 0.000516775
 1.06203e-13
     28.5556
-4.67871e-05
 9.86029e-17
-8.52397e-16
     1.57077
 8.69878e-16
 3.47823e-05
-2.20356e-07
 0.000546033
   1.063e-13
     28.5072
 0.000103281
 8.79504e-17
-8.16828e-16
     1.57077
 9.08538e-16
 2.30758e-05
-2.24626e-07
 0.000525548
 1.06397e-13
     28.4588
 -0.00013769
 8.37095e-17
-7.79775e-16
     1.57077
 9.44109e-16
 3.02046e-05
-1.56548e-07
 0.000472139
 1.06488e-13
     28.4104
-0.000160656
 9.47553e-17
-7.41271e-16
     1.57078
 9.81089e-16
 9.20242e-05
 7.13679e-09
  0.00047406
 1.06571e-13
      28.362
 8.65414e-05
  1.2069e-16
-7.01135e-16
     1.57078
 1.02573e-15
 0.000107382
 2.71074e-07
 0.000486526
 1.06648e-13
     28.3136
 0.000397415
 1.65723e-16
-6.58919e-16
     1.57078
 1.08507e-15
 7.11622e-06
  5.7812e-07
 0.000473266
 1.06721e-13
     28.2652
-5.57411e-05
  2.0476e-16
-6.13981e-16
     1.57078
 1.16182e-15
-6.36715e-05
 7.66162e-07
 0.000524975
 1.06792e-13
     28.2168
-0.000301376
 2.01303e-16
-5.65826e-16
     1.57078
 1.24594e-15
 1.03069e-05
 6.13019e-07
 0.000560358
 1.06865e-13
     28.1684
 0.000128276
  1.5237e-16
-5.14523e-16
     1.57078
  1.3192e-15
 4.61666e-05
 1.05562e-07
 0.000564348
 1.06939e-13
       28.12
 9.68437e-05
 8.87836e-17
-4.60756e-16
     1.57078
 1.36915e-15
-4.63652e-07
-3.24577e-07
 0.000584803
 1.07012e-13
     28.0716
-7.68145e-05
 4.70793e-17
-4.05427e-16
     1.57078
 1.39729e-15
-4.61324e-06
 -6.1335e-07
 0.000588725
  1.0708e-13
     28.0232
 -0.00028081
 1.96886e-17
-3.49259e-16
     1.57078
 1.41112e-15
 6.94528e-05
-7.80251e-07
 0.000564665
 1.07134e-13
     27.9748
 0.000216858
-1.89466e-17
-2.92811e-16
     1.57079
 1.41128e-15
 8.27003e-05
 -7.4576e-07
 0.000495138
 1.07169e-13
     27.9264
  4.7419e-06
-1.05131e-16
-2.36874e-16
     1.57079
 1.38558e-15
 3.68093e-05
-4.71974e-07
 0.000448401
 1.07182e-13
      27.878
-0.000458388
-2.92525e-16
-1.83097e-16
     1.57079
 1.30324e-15
 0.000130744
-5.95735e-08
 0.000452629
 1.07182e-13
     27.8296
 0.000521221
  -6.324e-16
-1.34798e-16
      1.5708
 1.11173e-15
 0.000117739
 2.01026e-07
 0.000421938
 1.07178e-13
     27.7813
 7.34142e-05
-1.21256e-15
-9.79684e-17
      1.5708
 7.29739e-16
-5.38095e-06
 2.98231e-07
 0.000303645
 1.07175e-13
     27.7329
-9.87087e-05
-2.31219e-15
-8.33737e-17
      1.5708
           0
           0