-2.84348e-07
-2.75026e-08
 1.35284e-16
-1.78874e-05
-5.57361e-05
  3.0309e-11
 1.06791e-13
-2.85675e-06
          -0
          -0
-2.25128e-07
 -2.7241e-07
 1.08362e-12
-1.64356e-05
  2.4303e-06
  4.2431e-11
 1.29784e-13
 -2.8399e-06
 2.29926e-13
 1.68496e-07
-1.66349e-07
 9.19921e-07
 7.40314e-14
-1.21733e-05
 7.24017e-05
 4.27734e-11
 2.02702e-13
-2.82986e-06
 4.99251e-13
-6.80424e-08
-1.11824e-07
 1.99554e-06
-2.11749e-12
 -5.1564e-06
 2.16708e-05
-1.54038e-11
 3.11203e-13
 -2.8732e-06
 5.85761e-13
-3.65398e-07
-5.90129e-08
 6.07712e-07
-2.74947e-12
 4.42426e-06
-7.41559e-05
-9.65225e-11
 3.92975e-13
-2.92969e-06
 2.31966e-13
-1.99497e-07
-4.42861e-09
-2.27089e-06
-8.99532e-13
 1.65586e-05
-5.58582e-05
-1.04079e-10
  3.7596e-13
-2.92849e-06
-4.02123e-13
 2.11467e-07
 5.02707e-08
-3.05302e-06
 1.41596e-12
 3.14192e-05
  4.8313e-05
-6.07917e-12
 2.60715e-13
-2.88381e-06
-7.50324e-13
 2.35316e-07
 1.02099e-07
-4.62611e-07
 1.89658e-12
 4.89533e-05
 6.97973e-05
  1.0344e-10
 1.41425e-13
-2.87408e-06
-4.42578e-13
-1.38019e-07
 1.52755e-07
 2.55973e-06
 5.52987e-13
 6.88162e-05
-1.66358e-05
 1.06592e-10
 1.19298e-13
-2.91849e-06
 2.21309e-13
-3.06058e-07
 2.05365e-07
 2.66867e-06
-9.01946e-13
 9.08067e-05
-5.57857e-05
 7.45601e-12
 1.99609e-13
-2.95681e-06
 5.81798e-13
-7.71403e-08
 2.57096e-07
 8.93663e-08
-1.33213e-12
 0.000115034
 2.01954e-05
-7.14335e-11
 2.95745e-13
-2.96099e-06
 3.79567e-13
 3.53571e-08
 3.01144e-07
-2.19713e-06
 -9.7503e-13
 0.000141512
 7.65076e-05
-4.41067e-11
 3.35137e-13
-2.98449e-06
 1.43498e-14
-2.70311e-07
 3.36902e-07
-2.08451e-06
-5.10185e-13
   0.0001699
 4.79796e-06
 3.48996e-11
 3.35095e-13
-3.06425e-06
-1.47638e-14
 -5.2731e-07
 3.72578e-07
 -2.8055e-07
-3.36132e-13
 0.000199842
-9.24855e-05
 5.25534e-11
 3.59785e-13
-3.14199e-06
 2.61655e-13
-2.50139e-07
 4.14697e-07
  9.0073e-07
-6.16286e-13
 0.000231326
-6.68974e-05
-1.24035e-11
 4.24806e-13
-3.14164e-06
 3.88559e-13
 2.53652e-07
 4.59271e-07
 2.92532e-07
-1.13768e-12
 0.000264472
 4.23539e-05
   -7.29e-11
 4.75554e-13
-3.08315e-06
 1.18922e-13
 3.31231e-07
 4.97648e-07
-7.40676e-07
-1.11613e-12
 0.000299125
 8.16518e-05
-5.60266e-11
 4.58586e-13
 -3.0561e-06
-2.88604e-13
-6.07364e-08
 5.27885e-07
 -2.3368e-07
-2.59384e-14
 0.000334897
 1.99249e-05
 1.43892e-11
 3.87703e-13
-3.10036e-06
-4.20222e-13
-3.81809e-07
   5.551e-07
 1.38873e-06
 1.24442e-12
 0.000371507
-3.44316e-05
 6.89745e-11
 3.30008e-13
-3.17213e-06
-1.56728e-13
-3.35955e-07
 5.82453e-07
 1.76738e-06
 1.02615e-12
 0.000408877
-2.29633e-05
   7.529e-11
 3.44262e-13
-3.22118e-06
 2.99269e-13
-1.54538e-07
 6.07642e-07
 9.33212e-08
-9.39183e-13
 0.000446918
-1.03706e-06
 4.15129e-11
 4.41035e-13
 -3.2445e-06
 6.68463e-13
-7.86762e-08
 6.28174e-07
-1.74613e-06
-2.83687e-12
 0.000485436
-7.82831e-06
-1.88157e-11
 5.81902e-13
-3.25744e-06
 7.40202e-13
-5.06547e-08
 6.44825e-07
-1.83937e-06
-2.91849e-12
 0.000524245
-2.72284e-06
-8.17637e-11
  6.9815e-13
-3.26423e-06
  4.2228e-13
-1.73047e-08
 6.58777e-07
-3.14247e-07
-1.51627e-12
 0.000563214
 3.26295e-05
-9.87877e-11
 7.25536e-13
-3.27715e-06
-1.48423e-13
-1.11836e-07
 6.69374e-07
 1.43614e-06
-1.79253e-13
 0.000602172
 3.79027e-05
  -3.895e-11
 6.52314e-13
-3.32181e-06
-5.83797e-13
-3.34779e-07
 6.76193e-07
 1.98131e-06
 4.13736e-13
 0.000640884
-2.08191e-05
  5.7389e-11
 5.41382e-13
-3.39417e-06
-5.25518e-13
-3.88779e-07
 6.80509e-07
 6.05181e-07
 6.22559e-13
 0.000679155
-7.06975e-05
 1.07602e-10
  4.8843e-13
-3.44299e-06
-4.01054e-15
-9.95095e-08
 6.83162e-07
-1.52101e-06
 4.93188e-13
 0.000716901
-3.06312e-05
 7.52908e-11
 5.45437e-13
-3.43087e-06
 5.74083e-13
 2.20774e-07
 6.82727e-07
-1.72572e-06
-4.35743e-13
 0.000754053
 5.82365e-05
 1.10434e-12
 6.84401e-13
-3.39544e-06
 8.15556e-13
 1.33517e-07
 6.77149e-07
 7.20561e-07
-1.99172e-12
 0.000790452
 7.80182e-05
-5.48713e-11
 8.30517e-13
 -3.4118e-06
 6.45605e-13
-2.97163e-07
 6.66402e-07
 2.73664e-06
-3.11488e-12
 0.000825881
 -2.5876e-06
-6.85087e-11
 9.20639e-13
-3.49508e-06
 2.55619e-13
-5.35589e-07
 6.52561e-07
 1.31404e-06
-2.98884e-12
 0.000860177
-7.97274e-05
-4.67731e-11
 9.35324e-13
-3.57618e-06
 -1.0877e-13
-2.75406e-07
 6.37295e-07
-1.90447e-06
-1.77541e-12
 0.000893261
-5.15454e-05
 -6.1882e-12
  8.9683e-13
-3.58977e-06
-2.76173e-13
 1.39525e-07
 6.19898e-07
-2.64431e-06
-1.99916e-13
 0.000925069
 4.42639e-05
 2.88682e-11
 8.48764e-13
-3.55956e-06
-2.04485e-13
 1.62539e-07
 5.98291e-07
 6.04575e-08
 9.52808e-13
 0.000955491
 8.09472e-05
 3.65264e-11
 8.28537e-13
-3.56663e-06
 2.21516e-15
-2.33233e-07
   5.718e-07
 2.70057e-06
 9.92319e-13
 0.000984396
 1.37534e-05
 2.20382e-11
 8.47491e-13
-3.64321e-06
 1.87327e-13
-5.32566e-07
 5.42131e-07
 2.20407e-06
-2.35929e-13
  0.00101168
-6.57589e-05
  1.0545e-11
 8.95256e-13
-3.73328e-06
 2.90317e-13
-3.68187e-07
 5.11317e-07
 -2.9535e-07
-1.90305e-12
  0.00103727
-6.24645e-05
 9.66651e-12
 9.59708e-13
-3.76639e-06
 3.54202e-13
 3.71025e-08
 4.79493e-07
-1.52249e-06
-2.82623e-12
  0.00106108
 2.80254e-06
 4.59876e-12
 1.03506e-12
-3.74011e-06
 3.99292e-13
 2.25682e-07
 4.45232e-07
-4.06613e-07
-2.74333e-12
  0.00108306
 4.85807e-05
-9.20514e-12
 1.11346e-12
-3.71122e-06
 3.84732e-13
 6.32681e-08
 4.07458e-07
 1.12945e-06
-2.44035e-12
  0.00110313
 4.71017e-05
-1.98843e-11
 1.18121e-12
-3.72881e-06
 2.92785e-13
-2.39167e-07
   3.664e-07
  1.2727e-06
 -2.4814e-12
  0.00112125
 2.31693e-05
-2.54575e-11
 1.22544e-12
-3.79885e-06
 1.49469e-13
 -4.6128e-07
 3.23102e-07
 4.86823e-07
-2.44993e-12
  0.00113735
 -1.1996e-05
-3.23704e-11
 1.23705e-12
-3.89464e-06
-3.33147e-14
-4.96597e-07
 2.78644e-07
 3.81687e-08
-1.79923e-12
  0.00115142
-5.36605e-05
-2.93874e-11
 1.21087e-12
-3.97321e-06
-2.28519e-13
-2.89071e-07
 2.33695e-07
-2.96235e-08
-8.97514e-13
   0.0011634
-6.31289e-05
 2.65615e-13
 1.15596e-12
-3.99411e-06
-3.20568e-13
 8.00768e-08
  1.8826e-07
-2.19871e-07
 -6.3144e-13
  0.00117325
-1.05665e-05
 4.03066e-11
 1.10467e-12
 -3.9548e-06
-1.92328e-13
 3.13013e-07
 1.41859e-07
-2.19014e-07
-1.17873e-12
  0.00118094
 5.52508e-05
 5.02844e-11
 1.09484e-12
-3.90632e-06
 9.40106e-14
 1.71776e-07
 9.42554e-08
 2.83405e-07
 -1.7025e-12
  0.00118645
 5.16387e-05
 1.66676e-11
  1.1348e-12
-3.90575e-06
 3.05631e-13
-1.66078e-07
 4.58922e-08
  5.3677e-07
-1.30646e-12
  0.00118979
-1.99252e-05
-3.06538e-11
 1.19151e-12
-3.94899e-06
 2.61423e-13
-2.66317e-07
-2.62319e-09
-2.66524e-08
-8.16355e-15
  0.00119094
-6.43309e-05
-5.20545e-11
 1.21765e-12
-3.97562e-06
          -0
          -0