 -0.00962781
   0.0995354
 3.94894e-11
     29.8565
    -0.42183
-4.44822e-10
-4.09121e-09
     1.47437
           0
           0
  -0.0096045
   0.0978285
-3.14232e-11
     29.6156
   -0.332417
 7.72744e-10
 -4.0911e-09
     1.47461
 1.03886e-12
  0.00238412
 -0.00954028
   0.0961342
-1.31562e-10
     29.3745
   -0.259293
 1.93013e-09
-4.09004e-09
     1.47527
 9.59217e-12
  0.00425447
 -0.00944552
    0.094433
-2.86452e-10
     29.1334
   -0.199096
 2.34062e-09
-4.08677e-09
     1.47627
 2.31124e-11
   0.0057034
 -0.00932856
   0.0927035
-4.98382e-10
     28.8923
   -0.149847
 2.04255e-09
-4.08076e-09
     1.47752
 3.69994e-11
  0.00680638
 -0.00919606
   0.0909586
-7.29517e-10
     28.6512
   -0.110327
 1.83668e-09
-4.07213e-09
     1.47896
 4.93039e-11
  0.00762877
 -0.00905324
   0.0892292
-9.20917e-10
     28.4101
  -0.0787694
  2.3457e-09
-4.06094e-09
     1.48055
 6.25752e-11
  0.00822649
 -0.00890417
   0.0875175
-1.04214e-09
     28.1691
  -0.0527269
 3.35526e-09
-4.04662e-09
     1.48223
 8.06531e-11
  0.00864214
 -0.00875208
   0.0857958
 -1.1212e-09
      27.928
  -0.0303371
 4.19309e-09
-4.02809e-09
     1.48399
 1.04575e-10
   0.0089047
 -0.00859967
   0.0840485
-1.21788e-09
      27.687
   -0.011209
 4.50864e-09
-4.00442e-09
     1.48578
 1.32145e-10
  0.00903602
  -0.0084491
    0.082288
-1.36751e-09
     27.4459
  0.00425097
 4.48813e-09
-3.97514e-09
     1.48759
 1.60648e-10
  0.00905802
 -0.00830205
   0.0805192
-1.55773e-09
     27.2049
   0.0161321
 4.47138e-09
-3.94018e-09
      1.4894
 1.89033e-10
  0.00899359
 -0.00815974
   0.0787194
-1.75961e-09
     26.9638
   0.0254139
 4.60781e-09
-3.89949e-09
     1.49118
 2.17794e-10
  0.00886227
 -0.00802312
   0.0768718
-1.96883e-09
     26.7228
   0.0332587
   4.841e-09
-3.85294e-09
     1.49294
  2.4772e-10
  0.00867681
 -0.00789291
   0.0750003
-2.20512e-09
     26.4817
   0.0401681
 5.01362e-09
-3.80028e-09
     1.49465
 2.78925e-10
  0.00844471
  -0.0077696
   0.0731457
-2.47632e-09
     26.2406
   0.0459191
 4.98118e-09
-3.74133e-09
     1.49631
  3.1057e-10
   0.0081726
 -0.00765348
   0.0713162
 -2.7576e-09
     25.9995
   0.0503058
 4.80131e-09
-3.67612e-09
     1.49791
 3.41539e-10
  0.00786845
 -0.00754472
   0.0694811
-3.01227e-09
     25.7584
   0.0537555
 4.80886e-09
-3.60477e-09
     1.49946
 3.71959e-10
  0.00753952
 -0.00744345
   0.0676105
-3.22827e-09
     25.5173
   0.0569509
 5.28645e-09
-3.52718e-09
     1.50093
 4.03907e-10
  0.00718959
 -0.00734972
   0.0657028
-3.43148e-09
     25.2762
   0.0599554
 6.00577e-09
-3.44283e-09
     1.50233
 4.39635e-10
  0.00682007
 -0.00726353
   0.0637725
-3.66834e-09
      25.035
   0.0621632
 6.32396e-09
  -3.351e-09
     1.50365
 4.78638e-10
  0.00643406
  -0.0071848
   0.0618306
 -3.9765e-09
     24.7938
   0.0631909
 5.87291e-09
-3.25141e-09
      1.5049
 5.17216e-10
  0.00603784
  -0.0071133
   0.0598823
-4.36155e-09
     24.5526
   0.0634277
 4.98267e-09
-3.14454e-09
     1.50607
 5.51551e-10
  0.00563761
 -0.00704878
   0.0579278
-4.78952e-09
     24.3114
   0.0636005
 4.28023e-09
 -3.0313e-09
     1.50716
 5.80848e-10
  0.00523609
 -0.00699095
   0.0559555
-5.20376e-09
     24.0701
   0.0640981
 4.04356e-09
-2.91249e-09
     1.50816
 6.07173e-10
  0.00483246
 -0.00693954
   0.0539472
-5.56279e-09
     23.8289
   0.0647303
 4.13104e-09
-2.78847e-09
     1.50909
 6.33024e-10
  0.00442525
  -0.0068943
   0.0519015
-5.87262e-09
     23.5876
   0.0648822
 4.35241e-09
-2.65919e-09
     1.50993
 6.59849e-10
  0.00401556
 -0.00685492
   0.0498441
-6.18375e-09
     23.3463
   0.0640336
   4.593e-09
-2.52439e-09
      1.5107
 6.88132e-10
  0.00360808
 -0.00682102
   0.0478008
 -6.5539e-09
      23.105
    0.062434
 4.62832e-09
-2.38385e-09
     1.51138
 7.17285e-10
  0.00320834
 -0.00679217
   0.0457632
-7.00976e-09
     22.8636
   0.0610136
 4.14648e-09
-2.23762e-09
     1.51198
 7.45025e-10
  0.00281814
   -0.006768
    0.043695
-7.53644e-09
     22.6223
    0.060219
 3.07202e-09
-2.08633e-09
     1.51251
 7.67844e-10
  0.00243494
 -0.00674814
   0.0415763
-8.09434e-09
     22.3809
   0.0592556
 1.71676e-09
-1.93125e-09
     1.51295
 7.82983e-10
   0.0020573
 -0.00673223
   0.0394283
 -8.6449e-09
     22.1395
   0.0570478
 5.41136e-10
-1.77394e-09
     1.51333
 7.90121e-10
  0.00168968
 -0.00671986
   0.0372853
-9.16939e-09
     21.8981
   0.0537145
-1.59801e-10
-1.61579e-09
     1.51363
 7.91327e-10
  0.00133958
 -0.00671057
   0.0351496
-9.67344e-09
     21.6567
   0.0504284
-3.83961e-10
 -1.4577e-09
     1.51387
 7.89609e-10
  0.00101041
 -0.00670394
   0.0329883
-1.01773e-08
     21.4153
   0.0478425
-4.16649e-10
-1.30003e-09
     1.51404
 7.87078e-10
 0.000699788
  -0.0066996
   0.0307758
-1.07014e-08
     21.1739
   0.0452806
-7.13296e-10
-1.14297e-09
     1.51415
 7.83507e-10
 0.000405442
 -0.00669717
   0.0285257
-1.12593e-08
     20.9324
    0.041677
-1.60649e-09
-9.87003e-10
      1.5142
 7.76174e-10
 0.000130585
 -0.00669628
   0.0262735
-1.18589e-08
     20.6909
   0.0368532
-3.03907e-09
-8.33237e-10
      1.5142
 7.61491e-10
-0.000117635
 -0.00669654
    0.024038
-1.25044e-08
     20.4495
    0.031505
-4.67017e-09
-6.83375e-10
     1.51416
 7.37123e-10
-0.000333702
 -0.00669761
   0.0218056
-1.31938e-08
      20.208
   0.0261535
-6.26512e-09
-5.39407e-10
     1.51407
 7.02559e-10
 -0.00051595
 -0.00669915
   0.0195465
-1.39167e-08
     19.9665
   0.0205532
-7.85789e-09
-4.03359e-10
     1.51396
 6.57919e-10
-0.000663581
  -0.0067009
   0.0172373
-1.46563e-08
      19.725
   0.0141717
 -9.5005e-09
-2.77262e-10
     1.51381
 6.03052e-10
-0.000773339
 -0.00670258
   0.0148757
-1.53914e-08
     19.4834
  0.00682313
-1.10326e-08
-1.63142e-10
     1.51365
 5.38151e-10
  -0.0008397
 -0.00670398
   0.0124843
 -1.6102e-08
     19.2419
 -0.00140749
-1.22478e-08
-6.28701e-11
     1.51348
 4.64567e-10
-0.000856817
 -0.00670496
   0.0100983
-1.67807e-08
     19.0004
  -0.0105336
-1.31982e-08
 2.20004e-11
     1.51331
 3.84137e-10
-0.000819074
 -0.00670542
  0.00773893
-1.74411e-08
     18.7588
  -0.0206246
-1.41593e-08
 9.01807e-11
     1.51316
 2.97666e-10
-0.000720589
 -0.00670534
  0.00539459
-1.81104e-08
     18.5173
  -0.0316354
-1.52704e-08
 1.40412e-10
     1.51303
 2.04645e-10
-0.000555407
  -0.0067048
  0.00303761
-1.88084e-08
     18.2757
  -0.0436101
-1.63079e-08
  1.7136e-10
     1.51294
 1.04833e-10
-0.000317572
 -0.00670396
 0.000659764
-1.95311e-08
     18.0341
  -0.0568623
-1.68587e-08
 1.81843e-10
     1.51291
           0
           0