  -0.0254273
  -0.0915339
-1.96384e-21
     6.95658
   0.0223507
 1.18641e-20
 7.72338e-20
     1.84176
           0
           0
  -0.0253298
  -0.0906011
-1.17629e-21
     6.81662
  0.00709024
 3.83828e-21
 7.78039e-20
     1.84069
 9.50205e-21
  -0.0178185
  -0.0251063
     -0.0897
 -3.9016e-22
     6.67656
  0.00217886
 1.24251e-21
 7.91284e-20
     1.83821
 1.25725e-20
  -0.0234274
  -0.0248462
  -0.0888063
 4.06696e-22
     6.53638
 0.000510909
 3.96728e-22
 8.06963e-20
      1.8353
 1.35586e-20
  -0.0250548
  -0.0245787
  -0.0879258
 1.21909e-21
     6.39608
-8.77723e-05
 1.10935e-22
 8.23414e-20
     1.83228
 1.38595e-20
  -0.0253108
  -0.0243133
  -0.0870532
 2.04891e-21
     6.25566
-0.000157297
 1.36766e-23
 8.40086e-20
     1.82925
 1.39285e-20
  -0.0251626
  -0.0240526
  -0.0861905
 2.89431e-21
     6.11513
-0.000216229
-1.88656e-23
 8.56795e-20
     1.82625
  1.3919e-20
  -0.0249367
  -0.0237974
  -0.0853438
 3.75401e-21
     5.97449
-0.000308568
-3.59324e-23
 8.73474e-20
     1.82327
 1.38795e-20
  -0.0246195
  -0.0235484
  -0.0844942
 4.63088e-21
     5.83374
-0.000274696
-4.04117e-23
 8.90098e-20
     1.82034
  1.3827e-20
  -0.0242669
  -0.0233055
  -0.0836456
 5.52451e-21
     5.69291
-0.000269156
-4.11016e-23
 9.06657e-20
     1.81745
 1.37715e-20
  -0.0239382
  -0.0230686
  -0.0828128
 6.43378e-21
     5.55199
-0.000273736
-4.93424e-23
 9.23146e-20
     1.81459
 1.37106e-20
  -0.0236102
  -0.0228377
  -0.0819868
 7.35949e-21
     5.41099
-0.000261388
-4.69883e-23
  9.3956e-20
     1.81178
 1.36463e-20
  -0.0232869
  -0.0226125
  -0.0811675
 8.29921e-21
     5.26992
-0.000271977
-4.45116e-23
 9.55899e-20
     1.80901
 1.35849e-20
  -0.0229647
  -0.0223931
  -0.0803578
 9.25438e-21
     5.12877
-0.000277966
 -6.0077e-23
 9.72159e-20
     1.80627
 1.35157e-20
  -0.0226326
  -0.0221793
  -0.0795587
  1.0229e-20
     4.98756
-0.000245601
 -5.7164e-23
 9.88332e-20
     1.80357
  1.3439e-20
  -0.0223164
  -0.0219707
  -0.0787665
  1.1218e-20
     4.84627
-0.000210815
-4.40631e-23
 1.00442e-19
     1.80091
  1.3372e-20
  -0.0220409
   -0.021767
   -0.077969
 1.22174e-20
     4.70492
 -0.00028054
-5.98585e-23
 1.02042e-19
     1.79828
 1.33035e-20
  -0.0217443
  -0.0215683
  -0.0771803
 1.32344e-20
     4.56349
-0.000282486
-6.83683e-23
 1.03634e-19
      1.7957
 1.32203e-20
  -0.0214045
  -0.0213743
  -0.0764128
 1.42708e-20
     4.42198
-0.000187137
-5.47405e-23
 1.05215e-19
     1.79314
 1.31404e-20
  -0.0211212
  -0.0211845
  -0.0756498
 1.53178e-20
     4.28039
-0.000246264
-5.73591e-23
 1.06788e-19
     1.79062
 1.30672e-20
  -0.0208597
  -0.0209992
  -0.0748864
 1.63769e-20
      4.1387
-0.000272776
-7.27378e-23
 1.08351e-19
     1.78814
 1.29832e-20
  -0.0205466
  -0.0208183
  -0.0741279
 1.74566e-20
      3.9969
-0.000181681
-7.15284e-23
 1.09903e-19
     1.78569
 1.28907e-20
  -0.0202725
  -0.0206416
  -0.0733804
 1.85512e-20
       3.855
-0.000229536
-5.94578e-23
 1.11445e-19
     1.78327
 1.28063e-20
  -0.0200246
  -0.0204693
   -0.072648
 1.96542e-20
     3.71297
 -0.00027751
-6.43804e-23
 1.12977e-19
     1.78089
 1.27264e-20
  -0.0197189
  -0.0203012
  -0.0719148
 2.07722e-20
     3.57082
-0.000180147
-7.55088e-23
 1.14499e-19
     1.77854
 1.26368e-20
  -0.0194431
  -0.0201367
   -0.071175
 2.19096e-20
     3.42856
-0.000179705
 -7.4172e-23
  1.1601e-19
     1.77622
 1.25414e-20
  -0.0192262
  -0.0199753
  -0.0704492
  2.3062e-20
     3.28618
-0.000265843
-7.26303e-23
 1.17509e-19
     1.77393
 1.24479e-20
  -0.0189577
  -0.0198168
  -0.0697509
 2.42236e-20
     3.14371
-0.000200022
-7.35231e-23
 1.18997e-19
     1.77167
 1.23548e-20
  -0.0186771
  -0.0196609
  -0.0690579
 2.53965e-20
     3.00114
-0.000167678
-8.18447e-23
 1.20474e-19
     1.76944
 1.22563e-20
  -0.0184556
  -0.0195076
  -0.0683391
 2.65886e-20
     2.85851
-0.000253144
-8.86661e-23
 1.21938e-19
     1.76724
 1.21487e-20
  -0.0182022
  -0.0193578
  -0.0676315
 2.77969e-20
     2.71585
-0.000211192
-8.21696e-23
  1.2339e-19
     1.76507
  1.2041e-20
  -0.0179226
  -0.0192121
   -0.066967
 2.90139e-20
     2.57318
 -0.00016991
-8.61794e-23
 1.24828e-19
     1.76294
  1.1935e-20
  -0.0176932
  -0.0190706
  -0.0662907
 3.02422e-20
     2.43053
-0.000192389
-9.42214e-23
 1.26253e-19
     1.76083
 1.18217e-20
  -0.0174751
  -0.0189333
  -0.0655979
 3.14853e-20
      2.2879
-0.000202685
 -1.0842e-22
 1.27664e-19
     1.75875
 1.16952e-20
  -0.0172374
  -0.0187999
  -0.0649338
 3.27436e-20
     2.14526
-0.000259391
-1.34831e-22
 1.29059e-19
     1.75669
 1.15443e-20
  -0.0169593
  -0.0186697
  -0.0642762
 3.40159e-20
     2.00259
-0.000219017
-1.36216e-22
 1.30434e-19
     1.75468
 1.13769e-20
  -0.0166715
  -0.0185423
  -0.0636157
 3.52971e-20
     1.85987
-0.000220605
-1.57557e-22
 1.31789e-19
     1.75269
 1.11959e-20
  -0.0164071
   -0.018418
  -0.0629687
 3.65887e-20
      1.7171
-0.000352191
-2.31687e-22
 1.33118e-19
     1.75074
 1.09576e-20
  -0.0160627
  -0.0182977
  -0.0623262
 3.78964e-20
     1.57428
-0.000402466
-2.97362e-22
 1.34413e-19
     1.74884
 1.06355e-20
  -0.0156089
  -0.0181823
  -0.0616937
 3.92166e-20
     1.43141
-0.000521937
-3.69044e-22
 1.35665e-19
       1.747
 1.02311e-20
  -0.0150532
  -0.0180727
  -0.0610649
 4.05447e-20
     1.28849
 -0.00067045
-4.82164e-22
 1.36862e-19
     1.74524
 9.71595e-21
  -0.0143366
  -0.0179702
  -0.0604248
 4.18859e-20
     1.14552
-0.000839102
 -6.2734e-22
 1.37988e-19
     1.74357
 9.04604e-21
  -0.0134295
  -0.0178764
  -0.0597921
 4.32404e-20
     1.00248
 -0.00116825
-8.03164e-22
 1.39022e-19
     1.74203
 8.18383e-21
  -0.0122234
  -0.0177936
  -0.0591766
 4.46004e-20
    0.859386
 -0.00142074
-9.84974e-22
 1.39939e-19
     1.74066
 7.10748e-21
  -0.0106682
  -0.0177237
  -0.0585638
 4.59674e-20
    0.716242
 -0.00166536
-1.14329e-21
 1.40715e-19
     1.73949
 5.82763e-21
 -0.00881469
  -0.0176687
  -0.0579311
 4.73475e-20
     0.57305
 -0.00188612
-1.24629e-21
 1.41328e-19
     1.73856
 4.39166e-21
 -0.00668204
  -0.0176296
  -0.0572888
 4.87333e-20
    0.429821
 -0.00186201
-1.25088e-21
 1.41765e-19
     1.73789
 2.89183e-21
 -0.00443169
  -0.0176061
  -0.0566739
 5.01177e-20
    0.286562
 -0.00167866
 -1.0958e-21
 1.42028e-19
     1.73749
 1.48294e-21
 -0.00230627
  -0.0175958
  -0.0560579
 5.15037e-20
    0.143285
 -0.00108203
-6.87495e-22
 1.42142e-19
     1.73731
 4.12584e-22
-0.000649347
  -0.0175935
  -0.0553998
 5.28927e-20
           0
          -0
           0
 1.42166e-19
     1.73727
           0
           0