           0
           0
           0
           0
           0
-8.40515e-11
-1.01696e-06
 1.49853e-19
-2.73559e-29
 2.32974e-19
 6.09384e-11
 2.44429e-07
 1.11568e-17
-8.40476e-31
-7.72959e-18
 -6.2832e-11
 -4.2318e-07
-5.73514e-19
-2.17479e-28
 5.95504e-19
 5.13411e-11
-1.29908e-10
 9.55921e-18
 2.00297e-31
 4.43094e-18
-1.28751e-10
 9.09578e-07
-7.03685e-19
-7.21774e-28
-2.04752e-18
 4.69253e-11
-1.00869e-07
 7.67663e-18
 1.81808e-31
-3.39673e-18
-3.64386e-10
-4.38458e-08
 3.25109e-18
 -5.3984e-28
  9.6031e-19
  4.4041e-11
 2.12163e-07
 5.91971e-18
-3.08149e-32
 5.94683e-18
-2.94143e-10
 4.99805e-08
 1.03799e-17
-5.95265e-28
 7.80329e-19
 5.35554e-11
 2.49928e-07
 4.77494e-18
  3.5129e-31
-6.17212e-18
-2.88385e-10
 -2.6492e-08
 1.56336e-17
-1.06967e-27
-3.03741e-18
 5.96313e-11
 3.25837e-08
 5.90328e-18
-1.07236e-30
 5.60736e-19
 5.61464e-11
-1.03294e-06
 1.33983e-17
-4.85699e-28
-1.35049e-18
 2.70674e-11
 1.54943e-07
 9.09006e-18
 4.06756e-31
  1.2678e-18
 1.44597e-09
 4.60801e-07
 5.72607e-18
-3.26187e-28
-4.15046e-20
 4.15737e-13
 1.12486e-07
 1.15091e-17
 8.75143e-31
 2.47249e-18
 2.22244e-09
 1.30504e-06
 4.34106e-18
-1.00095e-27
-1.85077e-19
 3.27665e-12
-4.50876e-08
 1.23384e-17
-3.63616e-31
-3.27505e-18
 1.52727e-09
-7.74137e-07
 1.49337e-17
-7.17121e-28
-2.64274e-18
-4.48037e-11
 1.96331e-07
 1.39548e-17
 4.31408e-31
 -2.2277e-19
  9.4091e-10
-1.08735e-06
 2.65576e-17
 5.82771e-29
 1.06726e-19
-1.45254e-10
 3.49265e-07
 1.71864e-17
-1.78726e-31
 2.78335e-18
 1.56599e-09
 5.27516e-09
 2.80447e-17
 2.64851e-28
 1.32984e-18
-1.73838e-10
 1.76267e-07
  1.9592e-17
-4.80712e-31
-2.66307e-18
 2.55945e-09
 1.65246e-07
 2.30916e-17
-3.30872e-28
-1.90074e-18
-6.46136e-11
 6.85916e-08
 1.95182e-17
 5.30016e-31
-1.95834e-18
 -9.4915e-10
 6.87189e-07
 1.99313e-17
 -7.0575e-28
 9.08019e-19
 3.95017e-11
 1.53487e-07
 1.85345e-17
 2.71171e-31
 1.05032e-18
-6.72401e-09
 2.87144e-07
 2.03882e-17
 2.13063e-27
 1.17229e-18
 3.65567e-11
 1.18043e-07
 1.97559e-17
-4.93038e-32
-1.16552e-18
-1.50034e-09
-8.58593e-07
 2.21959e-17
-9.66019e-27
-7.88757e-18
 1.14724e-10
 1.05118e-07
 2.54047e-17
-1.40516e-30
 2.19551e-18
 7.06163e-09
-3.01522e-07
 2.51251e-17
-1.30427e-26
-1.48807e-17
 5.08232e-11
 4.42996e-07
 3.41046e-17
 1.10934e-30
 3.06287e-18
-9.93674e-10
 5.07733e-07
 3.00402e-17
  3.0415e-26
-5.32614e-18
-8.44696e-11
 4.68614e-07
  4.1686e-17
 4.93038e-31
-3.25261e-18
-9.72973e-09
 7.27292e-08
 3.24711e-17
 2.12185e-28
-4.09286e-18
 2.24236e-10
 1.60306e-07
  4.7095e-17
-3.45127e-31
-1.13841e-18
 1.17773e-08
-5.13313e-07
 2.99041e-17
-1.64932e-27
-1.55176e-17
 1.27894e-10
 1.16686e-07
 5.36674e-17
 4.93038e-31
 2.60209e-18
 3.96417e-08
-1.99079e-07
  2.7217e-17
-7.02637e-27
-4.45336e-17
 1.66839e-10
 1.45281e-07
 6.39762e-17
-1.03538e-30
 -1.0842e-19
 2.60872e-08
 3.09112e-07
 2.74233e-17
-1.85269e-25
-1.13841e-17
 5.61395e-10
 3.69106e-07
 7.69599e-17
-5.42342e-31
 5.42101e-19
 2.26883e-08
-1.94011e-07
 3.11335e-17
 1.79885e-25
-7.39968e-18
-5.82499e-10
 4.81705e-07
 8.93542e-17
 4.93038e-31
 6.50521e-19
 7.35102e-08
-4.15245e-07
 3.60954e-17
 2.37978e-25
-7.13134e-17
-5.47599e-10
 1.08983e-07
 9.84286e-17
-7.14905e-31
 -2.1684e-19
 8.99078e-08
 1.76719e-07
 3.64222e-17
-3.42757e-25
 1.75471e-17
  8.6027e-10
 1.29141e-07
 1.02345e-16
 1.62703e-30
 -2.1684e-19
 5.10771e-08
 2.46979e-07
 3.40255e-17
 7.64919e-26
 4.51977e-17
-2.51198e-10
 2.97142e-07
  9.9552e-17
-6.90253e-31
 -2.1684e-19
 1.19067e-08
 2.25092e-07
  3.5261e-17
 3.69609e-25
 1.32815e-18
-9.98078e-10
 -1.1678e-07
 9.13406e-17
-1.47911e-31
 -2.1684e-19
 1.26407e-09
-1.60474e-07
 3.80093e-17
-5.38318e-26
 2.73219e-17
 1.16832e-10
-3.52114e-07
 8.18169e-17
 2.95823e-31
 9.75782e-19
 4.28621e-08
-5.34242e-07
 3.85581e-17
-9.01263e-26
 9.54098e-18
 3.25948e-10
-1.51261e-07
 7.24343e-17
-2.95823e-31
-1.73472e-18
 5.27376e-08
 6.86507e-07
 3.99425e-17
 7.42787e-27
-5.42101e-19
 5.14673e-11
 -5.2242e-08
 6.08371e-17
 4.93038e-31
  2.1684e-18
 -3.8221e-09
 6.91296e-07
 4.30423e-17
-5.95501e-27
-5.28549e-19
 9.98522e-11
-2.56723e-08
 4.67129e-17
-2.46519e-31
 3.79471e-19
-1.51703e-08
 -8.5653e-07
 4.24519e-17
-7.44187e-27
-3.25261e-19
 9.53329e-11
 4.97575e-08
 3.41431e-17
-2.95823e-31
-2.00577e-18
 1.37315e-08
 -2.1517e-07
 3.82991e-17
 9.02835e-27
 2.98156e-19
-6.17102e-11
-8.50211e-08
 2.64434e-17
 4.93038e-32
-3.95734e-18
 1.14497e-08
 7.92563e-07
 3.76729e-17
 6.76942e-27
 4.05221e-18
 -1.7606e-10
-3.76552e-07
 2.27459e-17
-2.71171e-31
 5.69206e-18
-2.21247e-09
 2.01703e-07
 4.14772e-17
-2.51917e-27
 2.52755e-18
-1.35098e-10
-3.89443e-07
  2.0454e-17
 9.86076e-32
-1.49078e-18
-3.70457e-09
-1.42201e-07
  4.2636e-17
-1.79471e-27
 -5.2516e-19
-1.09529e-10
-1.76625e-07
 1.76463e-17
 4.93038e-31
 2.11419e-18
-1.70772e-09
 1.35808e-07
 3.74337e-17
-4.00094e-28
 6.47133e-19
-1.07041e-10
-1.07575e-08
 1.34219e-17
 4.93038e-32
 -5.7666e-18
-1.56749e-09
  4.0209e-07
 3.22485e-17
-9.82702e-29
-1.40946e-18
-8.36718e-11
 9.97601e-09
 8.45503e-18
-6.16298e-33
 4.79421e-18
 -2.7182e-09
 7.04668e-08
 3.56275e-17
 9.48944e-30
 5.61583e-19
-5.46654e-11
-2.36142e-08
 4.95846e-18
           0
-7.14896e-19
-3.64448e-09
-2.15368e-07
 4.63751e-17
-8.45429e-29
 8.47033e-21
-3.02181e-11
 8.85936e-08
 4.48543e-18
 6.16298e-33
 5.11608e-18
-4.20646e-09
 8.46088e-08
   5.385e-17
-2.33993e-29
 2.62157e-19
-4.86164e-11
 9.48922e-09
 6.00724e-18
  1.2326e-32
 -3.8125e-18
  -4.298e-09
-2.61934e-08
 4.99347e-17
-1.18896e-28
 4.54666e-18
-9.26791e-11
-1.76569e-07
 7.07773e-18
-2.46519e-32
 2.23659e-18
-3.10927e-09
 1.61811e-07
 4.08701e-17
-9.85352e-29
-3.75278e-18
-1.23251e-10
-5.61839e-09
 6.19355e-18
-4.62223e-32
-7.29295e-19
-1.34413e-09
 5.51587e-07
 3.86611e-17
-1.94034e-29
-2.58176e-18
-1.32031e-10
 3.88246e-09
 3.98926e-18
 1.12474e-31
-4.32516e-18
  -1.848e-09
-6.69516e-08
 4.14006e-17
-3.91842e-29
 5.12608e-18
-1.12778e-10
-1.65197e-07
 2.35328e-18
-3.69779e-32
-1.92573e-18
 -5.1856e-09
-1.33369e-07
 4.11778e-17
-2.21189e-29
-3.27696e-20
  -6.096e-11
-3.24698e-08
 1.83286e-18
 9.24446e-33
 3.73515e-18
-6.72412e-09
  2.5025e-07
 4.14552e-17
-2.97017e-30
-2.36196e-18
 1.32358e-11
 3.53787e-08
 1.43507e-18
 -1.2326e-32
 9.83763e-19
-3.68419e-09
-2.94978e-07
 4.59037e-17
-4.25862e-30
-6.04166e-19
 6.67349e-11
-6.52665e-09
 8.75215e-19
  1.2326e-32
 -5.1307e-19
     1.1e-10
 4.55888e-07
 4.89189e-17
  -2.392e-30
 1.44645e-18
 3.98948e-11
 9.41357e-08
 5.74924e-19
-7.70372e-34
   1.871e-18
           0
           0
           0
           0
           0