 1.30232e-26
           0
       1e-13
     3.61436
-0.000196646
 -2.8131e-14
-1.30232e-13
     1.57059
           0
           0
-2.21722e-08
-8.67972e-05
 1.04183e-13
     3.46916
 0.000111365
-1.45259e-14
-1.31774e-13
      1.5706
-2.57091e-14
 5.14137e-05
 -4.1283e-08
-9.39974e-05
 1.07772e-13
     3.32396
 0.000298898
-8.05786e-15
-1.35676e-13
     1.57059
-3.93177e-14
-0.000195788
-5.53092e-08
-5.59106e-05
 1.10647e-13
     3.17876
 5.68065e-05
-4.41264e-15
-1.40845e-13
     1.57055
-4.68309e-14
-0.000410099
-6.64719e-08
-0.000131699
  1.1285e-13
     3.03356
 0.000139493
-2.97218e-15
-1.46731e-13
      1.5705
-5.12792e-14
-0.000528335
-7.14154e-08
-0.000228358
 1.14621e-13
     2.88836
  0.00037304
-3.95079e-15
-1.53135e-13
     1.57041
-5.54484e-14
-0.000836991
-5.87209e-08
-0.000237824
 1.16829e-13
     2.74316
 0.000710782
-6.58689e-15
-1.60169e-13
     1.57027
-6.17933e-14
 -0.00148958
-3.77226e-10
-0.000294188
 1.20255e-13
     2.59796
  0.00163868
-8.68402e-15
-1.68136e-13
     1.57001
-7.09865e-14
 -0.00290395
 1.54667e-07
-0.000344484
 1.24591e-13
     2.45276
  0.00263957
-8.54485e-15
-1.77277e-13
     1.56951
-8.13564e-14
 -0.00547903
 4.52465e-07
-0.000324603
 1.29205e-13
     2.30756
  0.00399844
-8.06533e-15
-1.87639e-13
     1.56861
-9.13512e-14
 -0.00947374
 1.04486e-06
  -0.0003907
 1.34398e-13
     2.16235
   0.0072466
-1.11889e-14
-1.99296e-13
     1.56707
-1.02932e-13
  -0.0162396
  2.3704e-06
-0.000527001
 1.40823e-13
     2.01712
   0.0124522
-1.86668e-14
-2.12725e-13
     1.56441
-1.20879e-13
  -0.0280899
 5.00753e-06
-0.000593679
  1.4818e-13
     1.87185
   0.0199253
-2.79055e-14
-2.28909e-13
     1.55987
 -1.4885e-13
  -0.0475637
 9.63089e-06
-0.000619397
 1.55512e-13
     1.72646
   0.0311924
-3.74907e-14
-2.49123e-13
     1.55232
-1.88053e-13
  -0.0783036
  1.7658e-05
-0.000679825
 1.62463e-13
     1.58081
    0.047346
  -4.854e-14
-2.74772e-13
     1.54009
-2.39428e-13
   -0.125524
 3.12269e-05
-0.000717878
 1.69862e-13
     1.43455
   0.0701976
-6.24738e-14
-3.07449e-13
     1.52078
-3.05193e-13
   -0.196184
   5.321e-05
-0.000755996
 1.79376e-13
     1.28703
    0.101103
-7.93139e-14
 -3.4903e-13
     1.49106
-3.87828e-13
   -0.299141
 9.13263e-05
-0.000922358
 1.92135e-13
     1.13708
    0.139742
-9.86584e-14
-4.01589e-13
     1.44648
-4.88154e-13
   -0.443868
 0.000157655
 -0.00108878
 2.07714e-13
    0.982929
    0.184915
-1.19963e-13
-4.67077e-13
     1.38152
-6.03315e-13
   -0.638923
 0.000259553
 -0.00112843
 2.25309e-13
    0.822367
    0.232654
-1.40327e-13
-5.46612e-13
      1.2898
-7.22264e-13
   -0.889751
 0.000400537
 -0.00112739
 2.45329e-13
    0.653804
    0.274752
-1.55995e-13
 -6.3912e-13
     1.16474
-8.19548e-13
    -1.19448
 0.000582999
 -0.00110213
 2.69147e-13
    0.478764
     0.29808
-1.65824e-13
-7.39477e-13
     1.00077
-8.53057e-13
    -1.53843
 0.000808817
 -0.00109619
 2.97756e-13
    0.305782
    0.286728
-1.71386e-13
-8.36932e-13
    0.795093
-7.71196e-13
     -1.8895
  0.00107042
 -0.00103925
 3.30947e-13
    0.153296
    0.228965
-1.76443e-13
 -9.1531e-13
    0.549782
 -5.3511e-13
    -2.19901
  0.00131644
-0.000751417
 3.67572e-13
   0.0475284
    0.124467
-1.84465e-13
-9.56565e-13
    0.273175
-1.52465e-13
    -2.41111
  0.00148288
-0.000389994
 4.05816e-13
   0.0127738
 -0.00940062
-1.95234e-13
-9.47529e-13
  -0.0203003
 3.03061e-13
    -2.48015
   0.0015491
-5.64534e-05
 4.43183e-13
   0.0581562
   -0.140894
-2.06597e-13
-8.86419e-13
   -0.312507
  7.1544e-13
    -2.38997
  0.00150533
 0.000402777
 4.77615e-13
    0.171912
   -0.239897
-2.15361e-13
 -7.8434e-13
   -0.585592
 9.85872e-13
    -2.16145
  0.00135542
 0.000883138
 5.08576e-13
    0.328687
   -0.290954
-2.16765e-13
-6.60333e-13
   -0.825849
 1.08092e-12
    -1.84283
  0.00115106
  0.00119178
  5.3602e-13
     0.50279
   -0.296292
-2.07658e-13
-5.33571e-13
    -1.02584
 1.03178e-12
    -1.49029
   0.0009496
  0.00137452
 5.59043e-13
    0.677216
   -0.269835
-1.89174e-13
-4.17798e-13
    -1.18427
 8.97775e-13
    -1.15035
 0.000778271
  0.00149485
 5.76703e-13
    0.844713
   -0.226616
-1.64827e-13
-3.19994e-13
    -1.30443
 7.32285e-13
   -0.852196
  0.00064547
  0.00154182
 5.89612e-13
     1.00431
   -0.178434
-1.37149e-13
-2.41844e-13
    -1.39209
  5.7021e-13
   -0.608881
 0.000548564
    0.001606
 5.99596e-13
     1.15775
   -0.133735
-1.08528e-13
-1.81837e-13
     -1.4539
 4.29919e-13
   -0.421325
  0.00047799
  0.00176923
 6.08153e-13
     1.30727
  -0.0964042
-8.25022e-14
-1.36979e-13
    -1.49617
 3.17718e-13
   -0.283027
 0.000426585
  0.00193057
 6.15833e-13
     1.45457
   -0.066949
-6.16682e-14
-1.03999e-13
    -1.52424
 2.31936e-13
   -0.184845
 0.000391066
  0.00200418
 6.22469e-13
     1.60072
  -0.0448552
-4.55495e-14
-8.00174e-14
    -1.54239
 1.67762e-13
   -0.117634
 0.000368135
  0.00201086
 6.27531e-13
     1.74633
  -0.0292315
-3.18513e-14
-6.26732e-14
    -1.55383
  1.2131e-13
  -0.0730881
    0.000354
  0.00201026
 6.30713e-13
     1.89169
  -0.0186128
-1.98832e-14
-4.99811e-14
    -1.56087
 9.02244e-14
   -0.044316
 0.000345498
  0.00202194
 6.32554e-13
     2.03695
  -0.0114818
-1.14371e-14
 -4.0284e-14
    -1.56511
 7.13936e-14
  -0.0262148
 0.000340525
  0.00198887
 6.34207e-13
     2.18218
  -0.0068836
-8.14275e-15
-3.24234e-14
    -1.56759
 5.96166e-14
  -0.0151664
  0.00033771
  0.00198602
 6.36455e-13
     2.32739
 -0.00401122
-8.46935e-15
-2.58691e-14
    -1.56902
 4.96215e-14
 -0.00861105
 0.000336119
   0.0020524
 6.39138e-13
     2.47259
 -0.00224466
-8.23353e-15
-2.05177e-14
    -1.56982
 3.95695e-14
 -0.00484624
 0.000335226
  0.00205314
 6.41481e-13
     2.61779
  -0.0012971
-5.80014e-15
-1.62761e-14
    -1.57028
 3.11224e-14
  -0.0027144
 0.000334756
  0.00205253
  6.4297e-13
     2.76299
-0.000799847
-3.62636e-15
-1.28819e-14
    -1.57053
 2.54475e-14
 -0.00145199
 0.000334537
  0.00211614
 6.43849e-13
     2.90819
-0.000422552
-2.90946e-15
-1.00644e-14
    -1.57066
  2.1512e-14
-0.000715943
 0.000334439
  0.00212687
 6.44543e-13
      3.0534
-0.000201877
-2.41024e-15
-7.67517e-15
    -1.57072
 1.83082e-14
-0.000339889
  0.00033437
  0.00211396
 6.45073e-13
      3.1986
-0.000134923
-2.57304e-15
-5.65829e-15
    -1.57075
 1.53064e-14
-0.000137016
 0.000334305
  0.00211804
 6.45388e-13
      3.3438
 9.75757e-06
-5.35055e-15
-4.10795e-15
    -1.57076
 1.05325e-14
-6.16151e-05
 0.000334274
  0.00207768
 6.45602e-13
       3.489
-0.000111998
-1.21278e-14
  -3.476e-15
    -1.57076
           0
           0