-5.61633e-31
          -0
 2.34364e-45
-2.14075e-08
 1.34708e-05
 3.15647e-18
 5.61633e-18
-5.23424e-08
          -0
          -0
-7.60971e-09
-4.73016e-07
-9.13908e-18
 4.99715e-08
-7.83062e-06
-3.16627e-18
 5.61599e-18
-2.57262e-07
-5.58658e-21
-3.41527e-06
-1.24881e-08
-2.02819e-06
-9.17942e-18
 1.76082e-07
-6.16564e-06
-3.88112e-18
 5.35942e-18
-1.58843e-07
 -4.2707e-18
 5.05549e-06
-1.10144e-08
 4.60704e-07
-1.63998e-18
 1.82254e-07
 1.51324e-05
 6.34259e-18
 4.93626e-18
 1.22334e-07
-2.78183e-18
-3.69119e-07
-3.44706e-09
 1.42962e-06
 3.62226e-18
 2.47615e-08
-9.57172e-06
 6.75547e-18
  5.0779e-18
 -1.2389e-07
 5.14234e-18
-3.73462e-06
 3.10003e-09
-5.13412e-07
 3.35343e-18
-1.16125e-07
-3.50408e-06
 -3.8243e-18
 5.80139e-18
-9.74637e-08
 6.91593e-18
 4.17501e-06
 3.24615e-09
 2.60894e-07
 1.52968e-18
 -8.8795e-08
 1.34427e-05
-9.76224e-18
 6.13832e-18
 4.29587e-08
-1.30049e-18
-1.83467e-06
 8.75037e-10
 1.21692e-06
-6.65612e-19
-4.76988e-09
-1.06482e-05
-2.39328e-18
 5.54124e-18
-2.78667e-07
-8.65086e-18
-3.52575e-06
 1.03286e-09
-1.71912e-06
-2.45369e-18
-1.17281e-08
-7.28302e-07
 9.50618e-18
  4.7611e-18
-2.89067e-07
 -4.3514e-18
 3.35245e-06
  2.0547e-09
-5.40636e-07
 -1.8006e-18
-4.73664e-08
 6.85175e-06
 9.63235e-18
 4.93302e-18
-1.08827e-07
 7.21671e-18
-3.48408e-07
 1.66406e-09
 3.01175e-06
-8.16167e-19
-3.57239e-08
-6.17498e-06
-1.12649e-18
 6.10748e-18
-1.75219e-07
 1.23577e-17
-7.58118e-07
 1.25768e-09
-1.87818e-06
-1.36123e-18
-2.46234e-08
  4.1973e-06
-8.63277e-18
 7.23662e-18
-1.94458e-07
 6.46131e-18
 4.37408e-07
 1.42919e-09
-4.24686e-07
-1.24702e-18
-2.95853e-08
-4.21707e-06
-6.75011e-18
 7.45439e-18
-1.41287e-07
-2.83179e-18
  4.4889e-07
 1.58455e-09
 2.67686e-06
-6.16584e-19
-3.15263e-08
  4.2038e-08
-9.08182e-19
 6.83702e-18
 6.39065e-08
-7.45774e-18
 2.97086e-06
 2.81407e-09
-2.43354e-06
-3.58063e-19
-6.50917e-08
 1.07642e-05
  2.5015e-18
 5.99981e-18
  2.8891e-08
-6.49573e-18
-3.55437e-06
 6.06422e-09
 5.10672e-07
 5.89161e-19
 -1.6619e-07
-1.55859e-05
 3.74205e-18
 5.44651e-18
-2.23041e-07
-2.72604e-18
-6.44529e-07
 1.09175e-08
  1.2192e-06
 1.40403e-18
-3.25799e-07
 9.62532e-06
 3.88528e-18
 5.39565e-18
-8.44103e-08
 1.87838e-18
 2.95512e-06
 1.53526e-08
-1.94206e-07
 1.15806e-18
-4.59378e-07
   3.554e-06
 8.98507e-20
 5.76502e-18
-2.07086e-07
 4.27784e-18
-4.99979e-06
 1.44194e-08
 1.44851e-06
-1.21398e-18
-4.28219e-07
-2.07089e-05
 -2.4457e-18
 6.19307e-18
-1.86009e-07
 2.85633e-18
 5.35112e-06
 7.27174e-09
 -1.1391e-06
-5.34387e-18
-2.18879e-07
 2.93305e-05
 4.40679e-19
 6.46324e-18
 1.44185e-07
 1.64645e-18
 1.52042e-07
 1.14448e-09
 2.89823e-07
-6.30003e-18
-2.69322e-08
-1.48166e-05
 8.09029e-19
 6.70604e-18
-3.63036e-07
  2.4003e-18
 -8.6057e-06
 2.59019e-10
-1.02932e-06
-2.65743e-18
-7.19934e-09
-1.27743e-05
-1.09908e-18
 6.98359e-18
-3.97261e-07
 2.22547e-18
 8.03525e-06
  1.4779e-09
 7.59386e-07
 4.79071e-19
-5.07307e-08
 2.94513e-05
-2.05411e-18
 7.13656e-18
-3.62884e-08
 3.24097e-19
-2.01899e-06
 8.59918e-10
   3.783e-06
-1.34581e-18
-1.39529e-08
-3.10115e-05
-2.06104e-19
 7.09369e-18
-2.22332e-07
-1.03871e-18
-1.08168e-06
-8.54344e-10
-4.04448e-06
-5.33776e-18
 3.47843e-08
 2.02873e-05
 3.53373e-18
 7.08938e-18
 3.59076e-08
 9.66976e-19
 5.38565e-06
-3.96103e-10
-6.92297e-07
-4.50731e-18
 1.96619e-08
 4.39203e-06
-1.87558e-18
  7.2654e-18
-2.10306e-07
 1.96662e-18
-9.48918e-06
-4.35766e-12
 3.86698e-06
-6.46847e-19
-1.53322e-10
-3.12229e-05
-6.43427e-18
 7.20097e-18
-3.79055e-07
-3.04049e-18
 6.67664e-06
-9.62315e-10
-1.16255e-06
-7.55899e-19
 -1.6113e-09
 3.91258e-05
 9.64638e-19
 6.63836e-18
 1.36696e-07
-6.33619e-18
 1.91923e-06
-6.50026e-10
 2.43734e-07
-3.89766e-18
-1.06883e-08
-2.33333e-05
 7.88966e-18
 6.19801e-18
-2.03965e-07
-1.00308e-18
-7.59694e-06
-4.74923e-10
 4.96811e-07
-5.08104e-18
-1.06555e-08
  7.9099e-07
 6.62469e-18
 6.60212e-18
-3.00948e-07
 7.73829e-18
 5.98057e-06
-2.11162e-10
 5.69637e-07
-3.59124e-18
 1.74663e-09
 1.86421e-05
 -5.5205e-18
 7.57065e-18
-2.85311e-07
 8.40384e-18
-5.71998e-06
  1.7815e-10
 1.33348e-06
-2.66799e-18
 8.45886e-09
-3.44031e-05
-1.10959e-17
 7.97891e-18
-4.02565e-07
-1.59953e-18
 3.76576e-06
-6.28335e-10
-1.50809e-06
-3.62734e-18
 9.56434e-09
 3.34048e-05
 9.64559e-19
 7.42102e-18
 8.56044e-08
-7.69852e-18
 4.37039e-06
-3.26328e-10
 6.74263e-09
-4.99411e-18
 2.80607e-09
-1.10671e-05
 5.31762e-18
 6.72403e-18
-1.96684e-07
-3.91805e-18
-9.07522e-06
-2.96697e-10
  8.7248e-07
-6.35877e-18
-8.81567e-09
-1.56413e-05
 1.53264e-19
 6.45139e-18
-3.21496e-07
-6.25902e-19
 6.99514e-06
-5.95319e-10
-2.10838e-07
-6.83232e-18
-7.63944e-09
 2.85908e-05
-1.13486e-18
 6.34086e-18
   5.065e-08
-1.21636e-18
-7.92779e-07
 6.58657e-10
 1.22919e-06
-5.67746e-18
 8.61977e-09
-2.36255e-05
 -1.5362e-18
  6.0985e-18
-2.23849e-07
-2.82295e-18
-3.78216e-06
 1.05835e-09
-4.40648e-07
-4.34985e-18
 2.45637e-08
 9.93627e-06
 3.07115e-18
 5.81512e-18
-1.83649e-07
-1.90012e-18
 4.45209e-06
 1.08732e-09
-6.28725e-07
-3.91499e-18
 3.05384e-08
 2.55258e-06
 8.35202e-18
 5.99919e-18
-9.99757e-08
 4.96799e-18
-3.05747e-06
 1.48543e-09
  2.6417e-06
-4.50397e-18
 2.92929e-08
-9.84803e-06
-1.20899e-18
 6.85302e-18
-2.03764e-07
 9.26261e-18
 1.32758e-06
 1.88394e-09
 6.36565e-07
-5.83885e-18
 3.38359e-08
 1.50256e-05
-1.36243e-17
 7.42965e-18
-2.31097e-07
 3.47732e-19
-1.78302e-06
 2.44946e-09
-7.30912e-07
-7.47991e-18
 4.67422e-08
 -1.6639e-05
-3.68326e-18
 6.84729e-18
-3.86985e-07
-1.00536e-17
-8.15155e-07
 1.58208e-09
-2.13934e-07
-8.87046e-18
 4.32519e-08
 8.19898e-06
 1.12491e-17
 5.91355e-18
-1.80457e-07
-5.50866e-18
 4.25726e-06
 5.58974e-10
-4.89459e-07
-8.64896e-18
 4.77811e-09
 5.96631e-06
 3.15122e-18
 5.77158e-18
-1.80155e-07
 3.14238e-18
-4.25228e-06
-3.12707e-11
  1.8587e-06
-7.09024e-18
 -4.5991e-08
-1.56397e-05
-7.81557e-18
 5.98061e-18
-3.41905e-07
 3.41496e-19
 1.55652e-06
-1.21478e-09
  4.3557e-08
-6.04237e-18
-7.28425e-08
  1.1261e-05
-1.34161e-19
 5.73513e-18
 2.73046e-09
-4.43278e-18
 4.18741e-06
-1.07128e-09
-2.36828e-07
-5.25481e-18
-6.79907e-08
 1.40625e-06
 8.59961e-18
 5.50813e-18
 4.88687e-08
  6.4937e-19
-3.41851e-06
 1.32609e-10
 1.96127e-06
-4.91724e-18
-4.67306e-08
-4.75306e-06
 2.16801e-18
 5.97389e-18
-2.40835e-07
 7.11338e-18
 -1.4098e-06
 6.02566e-10
 -1.0642e-06
-7.41795e-18
-2.28288e-08
 1.20237e-06
 -7.0108e-18
 6.65314e-18
-2.82126e-07
 4.20735e-18
 7.21571e-07
 6.16782e-10
 9.62201e-07
-1.28609e-17
          -0
          -0
          -0
 6.90558e-18
-2.38839e-07
          -0
          -0