-1.03963e-19
          -0
-6.24337e-23
  0.00493723
 1.41927e-05
-4.06316e-05
 1.03963e-06
-9.86225e-06
          -0
          -0
-1.33469e-05
 5.91395e-06
-3.43182e-06
  0.00481017
-4.79425e-05
 2.20493e-05
  2.4556e-07
-8.42054e-06
-1.22165e-05
 2.21801e-05
-1.93288e-05
 1.15718e-05
-5.35264e-07
  0.00459478
-1.89889e-05
 1.80656e-05
 3.70846e-07
-2.67795e-06
  1.4144e-05
 6.61674e-05
-1.26341e-05
 1.11775e-05
 5.52157e-06
  0.00463762
 6.02268e-05
-3.79112e-05
 1.36179e-06
 4.16295e-06
 1.10131e-06
 3.90773e-05
 7.96304e-06
 5.18112e-06
 1.60634e-05
  0.00515538
-8.04296e-06
  1.9674e-05
 7.25452e-07
 7.01447e-06
-1.08911e-05
 4.79217e-06
 3.82802e-05
-1.24822e-06
 1.98525e-05
  0.00604384
 1.94242e-05
-2.71236e-06
 3.37291e-08
 7.15154e-06
 2.49232e-07
-2.68337e-06
 6.94405e-05
-4.17699e-06
 6.47693e-06
   0.0069518
 5.18548e-05
-3.22543e-05
 -1.4255e-06
 3.76011e-06
-2.26989e-05
-4.94925e-05
 9.12167e-05
-8.95188e-06
-2.29452e-06
  0.00751923
-5.68755e-05
 4.68028e-05
-3.75466e-06
-2.46047e-06
-1.31344e-05
-4.62088e-05
 9.66925e-05
  -1.066e-05
-8.27427e-06
  0.00757222
-1.27025e-05
 5.31692e-06
  -3.237e-06
-5.49887e-06
 2.10985e-05
-5.35878e-07
 8.53571e-05
 7.59802e-07
-2.51281e-05
  0.00716212
 2.96031e-05
-3.02313e-05
-1.55621e-06
-6.28936e-06
  4.7598e-06
-1.16256e-05
 6.25201e-05
 8.97332e-07
-1.89677e-05
  0.00648438
-6.75032e-05
 4.21905e-05
-4.28104e-07
-6.18494e-06
 1.25956e-05
 1.32321e-05
  3.5764e-05
 -7.7175e-06
 1.96688e-06
  0.00576821
 1.31883e-06
-1.03401e-05
 2.56685e-06
 -1.6423e-06
 3.34805e-05
 5.66546e-05
 1.13377e-05
 7.02314e-06
-1.97713e-06
  0.00519319
 5.55249e-05
-4.63823e-05
 4.50066e-06
 3.30015e-06
-3.72959e-06
 1.93831e-05
-7.48301e-06
 1.69919e-05
 3.71513e-07
  0.00484687
-3.51544e-05
 2.48936e-05
 3.09934e-06
 4.95227e-06
-1.78292e-05
 6.03427e-06
-1.99625e-05
 1.10687e-05
 1.21401e-05
  0.00472496
 7.13922e-06
 1.33315e-06
 1.89928e-06
 6.93164e-06
-6.33137e-07
 2.44176e-05
 -2.6628e-05
 1.88191e-05
 5.64855e-07
  0.00476588
 4.14313e-05
-1.84271e-05
 1.08882e-06
 8.03685e-06
-1.18355e-05
-7.41434e-06
-2.83178e-05
 1.24255e-05
 7.09818e-07
   0.0048959
-1.66429e-05
 1.48807e-05
-6.01037e-07
 6.01651e-06
-1.41622e-05
 -2.3668e-05
-2.56807e-05
-1.11975e-05
 1.43227e-05
  0.00505861
 1.36092e-05
-4.47471e-06
-1.99907e-06
  3.0682e-06
-7.34595e-06
-2.16906e-05
-1.91059e-05
-1.26055e-05
 2.89498e-06
  0.00522099
 1.84461e-05
-2.93227e-07
-3.15718e-06
-1.11771e-06
-1.04711e-05
 -4.2708e-05
 -9.0039e-06
-1.75964e-05
-6.47981e-07
  0.00536605
-2.40937e-05
 1.52631e-05
-3.88134e-06
-6.43089e-06
-6.69846e-07
-3.90331e-05
  3.7818e-06
-3.20588e-05
 1.24211e-05
  0.00548297
-1.57157e-05
 2.87231e-06
-3.19681e-06
-9.81191e-06
  1.1201e-05
-1.29826e-05
 1.76831e-05
-1.99226e-05
 4.84047e-06
  0.00556075
-1.64758e-05
  1.8428e-06
-1.54006e-06
-1.01302e-05
 1.42875e-05
 8.08655e-06
 3.05328e-05
-7.36764e-06
 -2.5349e-06
  0.00558824
-1.47708e-05
-9.57937e-06
-1.15078e-08
-7.74924e-06
 9.22861e-06
 2.85429e-05
 3.99694e-05
-4.57273e-06
-1.84262e-07
  0.00556122
-1.66875e-05
 8.63461e-06
 1.14873e-06
-2.69939e-06
 8.62122e-06
  4.9147e-05
  4.3865e-05
 1.69659e-05
-1.40302e-05
  0.00549255
-6.06498e-06
 1.34591e-05
  3.2108e-06
  4.6601e-06
 2.31029e-05
 6.40758e-05
 4.07691e-05
 3.48608e-05
-2.55298e-05
  0.00541772
 4.47915e-05
-2.64406e-05
 5.66386e-06
 1.13465e-05
 1.46366e-05
 3.87916e-05
 3.01291e-05
 3.35494e-05
-1.81317e-05
  0.00539067
 1.27305e-05
 5.82443e-06
 6.69089e-06
 1.39462e-05
 1.16386e-06
 1.20398e-06
 1.24196e-05
 2.83809e-05
-8.80654e-06
  0.00546932
-2.91403e-07
 4.44953e-06
 7.27974e-06
  1.3576e-05
  7.8954e-06
-6.89958e-06
-1.07537e-05
 1.60161e-05
-2.84417e-06
   0.0056941
 6.49308e-05
-5.72528e-05
 6.06237e-06
 9.93264e-06
-2.66242e-05
-4.91524e-05
-3.66831e-05
-8.34924e-06
 9.30235e-06
  0.00606552
 2.24554e-05
-1.63868e-05
-5.30253e-07
-1.74134e-07
-7.48008e-05
-0.000106336
-6.15023e-05
-3.94405e-05
 2.79891e-05
    0.006532
-3.70842e-05
 2.66642e-05
-9.82344e-06
-1.33851e-05
-6.81713e-05
-9.69078e-05
-8.07216e-05
-5.48262e-05
  3.3147e-05
  0.00699534
-1.92029e-05
  7.4025e-06
 -1.7247e-05
 -2.3604e-05
-4.60371e-05
-6.03058e-05
-9.04601e-05
-4.38695e-05
 2.48079e-05
  0.00733418
-4.92421e-05
 3.07472e-05
-2.16226e-05
 -2.8551e-05
-2.12803e-05
-1.58043e-05
-8.85696e-05
-2.40109e-05
 1.95162e-05
  0.00744057
-9.82634e-05
 7.38947e-05
-1.99571e-05
-2.43562e-05
 4.69041e-05
 8.03489e-05
 -7.5502e-05
 1.11889e-05
-7.66301e-07
  0.00725755
-9.99895e-05
 9.58118e-05
-6.65668e-06
-5.49233e-06
 0.000157717
 0.000209862
-5.36248e-05
 5.39093e-05
-3.65174e-05
  0.00680409
 1.23442e-05
 1.08556e-05
 1.83939e-05
 2.55426e-05
 0.000227676
 0.000267522
-2.58736e-05
 6.91589e-05
-5.67445e-05
  0.00617966
 0.000121751
-8.76869e-05
 4.47721e-05
 5.46777e-05
 0.000178143
 0.000180663
 2.97786e-06
 5.38257e-05
-5.40043e-05
  0.00553435
  0.00018405
-0.000138272
 5.83866e-05
   6.524e-05
   3.131e-05
 -1.8087e-05
 2.47752e-05
 6.99596e-06
-2.42294e-05
  0.00501322
 0.000311263
-0.000270137
 4.51682e-05
 4.19211e-05
 -0.00023467
-0.000340815
 3.28672e-05
 -5.5132e-05
 2.49018e-05
   0.0046812
 0.000139445
-0.000175717
-4.21724e-06
-2.16231e-05
-0.000525106
-0.000636123
 3.27657e-05
-8.86944e-05
 6.42135e-05
  0.00452622
-0.000241038
 0.000169106
-7.28459e-05
-0.000100272
 -0.00053072
-0.000571837
 3.62582e-05
-8.39819e-05
 7.73429e-05
  0.00453602
-0.000443607
 0.000336112
-0.000120446
-0.000145677
-0.000201591
-0.000128971
 3.84843e-05
-3.77124e-05
 4.90779e-05
  0.00469781
-0.000706384
 0.000550704
-0.000108845
-0.000114145
 0.000380067
 0.000614286
 2.07423e-05
 4.12408e-05
-1.21839e-05
  0.00480698
-0.000403861
 0.000429641
-1.89897e-05
 1.39933e-05
  0.00100232
   0.0013527
-2.25842e-06
  9.9723e-05
-6.63244e-05
   0.0046385
 0.000576605
-0.000361198
 0.000113331
 0.000187229
  0.00103337
  0.00126364
 7.74252e-06
 0.000101277
-8.38647e-05
  0.00452122
  0.00099196
-0.000720397
 0.000200973
 0.000285085
 0.000314969
 0.000261345
 3.23866e-05
  5.3551e-05
-4.89831e-05
  0.00482971
 0.000889561
-0.000667433
  0.00017662
 0.000239653
-0.000689631
-0.000892373
 2.65653e-05
 9.44882e-06
-8.20145e-06
  0.00506186
 0.000151774
 -0.00028835
 4.97108e-05
 7.71683e-05
 -0.00126281
 -0.00161083
 1.21391e-05
 1.91376e-05
-1.22501e-05
  0.00470693
-0.000970878
 0.000464376
-8.75648e-05
-0.000128426
-0.000849118
 -0.00128354
 1.30115e-05
 5.05263e-05
-2.85628e-05
  0.00436752
  -0.0011751
 0.000584765
-0.000142757
-0.000230611
          -0
          -0