           0
           0
           0
           0
           0
 2.27423e-06
-2.28214e-06
  1.4886e-06
 9.27528e-14
-1.58934e-13
-2.16747e-06
 9.56529e-06
 -6.5702e-07
 2.11758e-22
 5.50368e-18
 5.94451e-06
-5.87488e-06
 1.37904e-06
-1.83466e-13
-3.21058e-13
-2.06364e-06
 5.81458e-06
-3.33256e-07
 6.61744e-23
 1.44917e-17
 6.81839e-06
-7.51723e-06
-2.01808e-06
 8.40826e-14
 1.84206e-13
-1.97548e-06
-7.76311e-07
-9.28325e-07
           0
 4.09104e-17
 3.03344e-06
-5.98451e-06
-7.36282e-06
 7.49189e-14
 2.27797e-13
-2.04156e-06
-5.85614e-06
-1.13128e-06
-2.11758e-22
 1.63917e-17
-6.07015e-06
-1.29791e-06
-1.27265e-05
 -6.9131e-14
 7.54786e-14
-2.30774e-06
-7.41687e-06
-4.11316e-07
 4.23516e-22
-2.05855e-19
-1.87739e-05
 1.92005e-06
-9.35051e-06
 2.09453e-13
 4.48064e-13
-2.69396e-06
-5.70468e-06
 7.79505e-07
 2.11758e-22
-1.22843e-17
-3.11472e-05
 3.99853e-06
-1.09238e-06
-1.27657e-13
-7.50618e-14
-3.05146e-06
-6.97398e-07
  2.7374e-06
-1.05879e-22
-9.13207e-17
-3.88739e-05
  7.0053e-06
 3.52908e-06
-3.54298e-13
-4.89302e-13
-3.25125e-06
 4.14499e-06
 3.67125e-06
-1.05879e-22
-6.55753e-17
-3.95033e-05
 3.64217e-06
 1.15776e-05
 1.45934e-13
  9.8927e-14
-3.24109e-06
 6.19458e-06
 2.56788e-06
           0
 -1.3903e-17
-3.34606e-05
-9.69347e-07
 1.58178e-05
-6.34418e-14
 -2.4044e-13
-3.05114e-06
 6.50699e-06
 1.01054e-06
 2.11758e-22
-2.85958e-18
-2.33014e-05
 2.82437e-06
 5.70986e-06
-1.80569e-13
-4.05481e-13
-2.76437e-06
 4.04812e-06
-1.19901e-06
           0
 3.30699e-17
-1.21013e-05
 5.92956e-07
-1.80146e-07
 2.79769e-13
 2.81155e-13
-2.47498e-06
-8.05387e-07
-3.67002e-06
 6.61744e-23
 1.10133e-16
-2.19551e-06
-8.83995e-06
 9.12425e-07
 1.18757e-13
 1.11666e-13
-2.25283e-06
-4.26363e-06
-3.97285e-06
-1.05879e-22
 5.17194e-17
 5.21556e-06
-9.72609e-06
-4.46285e-06
-1.01104e-13
-1.12529e-13
-2.12594e-06
-6.22058e-06
-2.65374e-06
 2.11758e-22
 4.64066e-17
 9.85537e-06
-1.04159e-05
-4.52698e-06
 5.50032e-14
 2.07942e-13
-2.08514e-06
-7.77395e-06
-1.51183e-06
 5.29396e-23
 1.54359e-17
 1.19562e-05
-1.13516e-05
-2.61636e-07
 1.45661e-14
 1.11253e-13
-2.10229e-06
 -7.3531e-06
-2.55025e-07
-5.29396e-23
-5.42525e-19
 1.18904e-05
-3.97764e-07
-5.36049e-06
-2.14116e-14
 1.56628e-14
-2.14842e-06
-4.83114e-06
 1.30103e-06
-2.64698e-22
 1.72714e-17
 9.96643e-06
 8.35643e-06
-6.06101e-06
-2.69357e-15
 1.37082e-13
-2.20313e-06
-1.02281e-06
 2.73369e-06
           0
 2.45299e-17
 6.41957e-06
 1.04258e-05
-7.36704e-07
-8.09779e-14
-3.57492e-14
-2.25571e-06
 3.91459e-06
 3.68321e-06
 1.05879e-22
-2.59571e-17
 1.54626e-06
 1.75397e-05
-4.23076e-06
-6.60208e-14
-1.77746e-13
-2.30192e-06
 8.40846e-06
 3.63729e-06
           0
-8.95255e-17
-4.14976e-06
 1.83935e-05
-6.14525e-06
-4.65576e-14
-1.94905e-13
-2.33975e-06
 1.04426e-05
  2.4994e-06
           0
-4.56034e-17
-9.90405e-06
 9.75898e-06
-9.03378e-07
 3.76277e-14
-1.72313e-13
-2.36669e-06
 9.36881e-06
 8.38266e-07
           0
 1.00899e-17
-1.47599e-05
 4.35961e-06
 1.01253e-06
 2.63387e-14
-1.44087e-13
-2.38032e-06
 5.45686e-06
-6.01979e-07
-3.17637e-22
-4.94871e-17
-1.77176e-05
-4.23325e-06
 5.02818e-06
-1.36235e-13
-1.43368e-13
-2.38163e-06
-9.34934e-07
-2.21621e-06
 4.23516e-22
-2.44254e-16
-1.79234e-05
-1.81037e-05
 1.38077e-05
 6.46164e-14
 2.04429e-13
-2.37863e-06
-8.26847e-06
-4.57811e-06
-4.23516e-22
-2.36563e-16
-1.48625e-05
-2.43448e-05
 1.55661e-05
 1.21476e-13
 3.21781e-13
  -2.387e-06
-1.31836e-05
-6.46683e-06
-8.47033e-22
 2.91671e-16
-8.50828e-06
-2.20567e-05
 9.57123e-06
-5.92874e-14
  5.6854e-14
-2.42656e-06
-1.43602e-05
-7.31611e-06
 3.38813e-21
 5.60497e-16
  6.0615e-07
-1.56595e-05
  3.9871e-06
 3.05703e-13
 3.78642e-13
-2.51398e-06
-1.22975e-05
-6.97506e-06
 8.47033e-22
-1.88566e-17
 1.13818e-05
-3.06755e-06
-2.01247e-06
 4.30313e-13
 5.07612e-13
-2.65362e-06
-5.18257e-06
-2.93146e-06
-8.47033e-22
-7.90729e-16
 2.22489e-05
 1.67064e-05
-1.30456e-05
-5.59483e-14
-1.02408e-13
 -2.8307e-06
 6.93705e-06
 5.31748e-06
 8.47033e-22
 3.90276e-15
  3.1382e-05
 3.35239e-05
-2.17682e-05
-2.23714e-13
-3.64412e-13
-3.01098e-06
 1.92044e-05
 1.40793e-05
-1.69407e-21
  4.0084e-15
 3.70196e-05
 3.49746e-05
-2.05331e-05
-2.99823e-13
-5.07478e-13
-3.14821e-06
 2.72094e-05
  2.0279e-05
 1.69407e-21
-9.73106e-15
 3.78841e-05
 2.42781e-05
-1.58518e-05
-7.23034e-13
 -1.0572e-12
-3.19797e-06
 2.76369e-05
 2.16786e-05
           0
-1.64329e-14
 3.35938e-05
 4.82596e-06
-6.81139e-06
-1.21453e-12
-1.38632e-12
 -3.1335e-06
 1.56901e-05
 1.39451e-05
           0
 1.37837e-14
 2.49369e-05
 -2.3022e-05
  1.3136e-05
-9.17465e-13
-5.18762e-13
-2.95722e-06
-1.02616e-05
-5.96374e-06
-6.77626e-21
-5.28271e-14
 1.37952e-05
 -4.3751e-05
 3.30881e-05
 3.61344e-13
  8.6591e-13
-2.70382e-06
-4.16991e-05
-3.28055e-05
 8.47033e-21
-1.67052e-13
 2.52538e-06
-4.42306e-05
 3.97469e-05
 1.23576e-12
 1.61312e-12
-2.43144e-06
 -6.2493e-05
-5.37199e-05
-1.35525e-20
 1.87837e-13
-6.80776e-06
-2.23049e-05
 2.83727e-05
  1.6484e-12
 2.74946e-12
-2.20144e-06
-5.59742e-05
-5.40331e-05
 1.35525e-20
 2.75581e-13
-1.28964e-05
 1.68053e-05
 9.02868e-08
 3.50242e-12
 1.01364e-12
-2.05071e-06
-1.08329e-05
-2.15214e-05
 2.71051e-20
-1.95114e-13
-1.51817e-05
 5.15283e-05
-3.19764e-05
 2.43542e-12
 -2.8121e-12
-1.97919e-06
 6.31866e-05
 3.99471e-05
           0
 2.25976e-12
-1.40091e-05
 6.30451e-05
-5.16581e-05
-2.95661e-12
-2.42158e-12
 -1.9718e-06
  0.00012788
 0.000100548
-2.71051e-20
-4.73835e-13
-1.13318e-05
 4.55442e-05
-4.69968e-05
 3.29556e-12
-1.00056e-11
-2.01892e-06
 0.000135314
 0.000119445
           0
-7.82251e-12
-9.27203e-06
-1.65225e-07
-1.45644e-05
-1.31045e-11
 9.30347e-13
 -2.0753e-06
 5.24771e-05
 6.67929e-05
  1.0842e-19
 1.47875e-12
 -6.7361e-06
 -5.2293e-05
   2.953e-05
-4.14372e-11
  3.5392e-11
-2.05304e-06
-0.000102348
-4.88357e-05
-5.42101e-20
-2.28819e-11
-1.61787e-06
-7.84124e-05
 5.83615e-05
-8.29412e-12
 1.96172e-11
-1.98064e-06
-0.000241829
-0.000163454
 8.13152e-20
-1.56763e-11
 1.83742e-06
-6.53691e-05
 5.44439e-05
-5.00813e-11
  4.6651e-11
-2.01561e-06
-0.000271311
-0.000196583
           0
 6.78477e-11
-2.06122e-06
-3.02349e-05
 2.67091e-05
-4.94801e-11
 3.94713e-11
-2.13146e-06
 -0.00016376
-0.000117947
 -1.0842e-19
   2.394e-11
-7.25042e-06
-7.31346e-06
 4.81127e-06
 1.14655e-10
 -8.2305e-11
-2.10554e-06
  2.1408e-05
 1.96088e-05
 -1.0842e-19
 4.03951e-11
-4.19102e-06
-8.95837e-06
 3.82818e-06
 9.77042e-11
-7.48299e-11
-1.95513e-06
 0.000165067
 0.000119839
  2.1684e-19
  7.5981e-11
 5.55112e-17
           0
 1.38778e-17
           0
           0