 3.63783e-32
          -0
 3.36825e-46
-5.19623e-09
-9.54077e-06
 1.07748e-17
-3.63783e-19
-3.94196e-09
          -0
          -0
-1.22767e-11
-9.81065e-07
-5.21916e-18
-3.87786e-09
 6.38359e-06
-1.13608e-18
-1.21451e-20
 1.11368e-07
 5.86063e-18
 1.92031e-06
 5.47032e-11
 2.66143e-06
-4.52274e-18
-1.74362e-09
 5.38987e-07
  -1.083e-17
  2.5475e-19
   8.925e-08
-1.41238e-18
 -2.2879e-06
 1.58938e-10
-1.58309e-06
-1.06477e-19
  1.6939e-10
-5.26278e-07
 3.92468e-19
-2.95369e-19
-1.85777e-07
-7.75627e-18
-2.29568e-06
 1.57623e-10
-1.37857e-07
 1.78935e-18
 1.47922e-09
-4.93252e-06
 1.11145e-17
-8.06639e-19
-2.62223e-07
-7.64885e-19
   1.021e-06
 7.08369e-11
 -1.0349e-06
 2.52128e-18
 4.22788e-10
-7.45033e-07
 1.83719e-18
 -4.2629e-19
 6.72448e-08
 7.10403e-18
 4.47046e-06
 9.40111e-11
 1.44948e-07
 2.60464e-18
 -3.3903e-10
 1.04854e-05
-9.79548e-18
 1.36196e-19
 2.48782e-07
 2.27074e-18
-1.44531e-06
 1.99864e-10
 5.71572e-07
-1.36446e-19
 7.09062e-10
-1.47433e-05
-2.82373e-18
-5.11554e-20
 2.30371e-07
-5.39328e-18
 1.13911e-06
 1.78929e-10
 2.74983e-07
 9.53329e-20
 1.81077e-09
 1.86229e-05
 4.05448e-18
-6.53536e-19
 2.25903e-07
-4.64636e-18
-1.21473e-06
 1.44907e-11
 1.36182e-06
 6.42026e-18
 2.39328e-09
 -1.1832e-05
 6.35859e-18
-8.31813e-19
-1.67404e-07
 1.67506e-18
-5.33906e-06
  3.7743e-11
-4.05777e-06
 9.83049e-18
 7.02866e-10
-1.23744e-05
-6.58735e-19
-4.23203e-19
 7.35096e-08
 5.13509e-18
 9.35341e-06
 1.97485e-10
 3.35188e-06
 6.71131e-18
-2.66826e-09
 3.42696e-05
-1.23416e-17
-2.80318e-19
 3.98761e-07
-2.75364e-18
-3.93138e-06
 1.51084e-10
 1.53989e-06
 4.50611e-18
-4.43483e-09
-3.48806e-05
-1.85815e-19
-1.06685e-18
-5.09492e-08
-1.03553e-17
-3.56445e-06
 9.38202e-11
-4.33948e-06
 3.51755e-18
-4.22499e-09
 2.08405e-05
 1.31526e-17
-1.83756e-18
 3.25174e-08
 -2.4899e-18
 4.95592e-06
-1.48869e-11
 2.97116e-06
 1.95071e-18
 -8.7602e-10
 3.27817e-06
 7.79466e-18
-1.37403e-18
 -2.5056e-07
 1.02155e-17
 -9.6737e-06
-2.20368e-11
 1.78364e-07
 4.69704e-18
 4.94753e-09
-3.33355e-05
-4.62282e-18
-3.27217e-20
-3.17836e-07
 1.21396e-17
 8.55162e-06
 1.09507e-10
-8.98584e-07
  9.5472e-18
 7.24471e-09
 3.91961e-05
-1.33219e-17
 7.71261e-19
 4.95371e-07
 1.26006e-18
 5.00222e-06
-8.80348e-11
 2.07912e-06
  1.0446e-17
 3.50492e-09
-1.73022e-05
-5.44095e-18
 2.40001e-19
 2.99154e-07
-1.01144e-17
  -8.273e-06
-2.61001e-10
-1.70128e-06
 8.12147e-18
-4.57283e-10
 2.80413e-06
 1.05443e-17
-7.88198e-19
-1.66364e-07
-7.02222e-18
 5.15231e-07
-2.64912e-10
-1.36315e-06
 4.14711e-18
-1.97127e-10
-5.96987e-07
 1.12389e-17
-8.38855e-19
-1.84718e-07
 6.17792e-18
-8.22439e-07
-2.38426e-10
 3.50748e-06
 1.46807e-18
  4.1796e-11
-1.06904e-05
-6.24039e-18
 8.42604e-20
 1.26785e-07
 9.20734e-18
 6.01569e-06
 -2.4892e-10
-2.89306e-07
 4.90327e-18
-1.22704e-09
 2.55738e-05
-1.15144e-17
  5.4385e-19
 3.07861e-07
-1.54752e-18
-2.99811e-06
-3.41335e-10
-1.52563e-06
 1.13885e-17
-9.22973e-10
-2.23366e-05
 1.97953e-18
 1.16158e-20
-1.69611e-07
-7.32306e-18
-4.96135e-06
-9.59534e-11
 -6.0095e-07
 1.33728e-17
-5.65254e-10
 1.04732e-06
  6.6022e-18
-5.55371e-19
 8.54286e-09
-2.12672e-18
 7.93148e-06
 1.78709e-10
 -1.7302e-06
  9.4778e-18
-1.74714e-09
  1.7088e-05
 1.73151e-18
-5.07831e-19
 3.01546e-07
 2.91905e-18
-3.04735e-06
 1.59059e-10
 1.75069e-06
 4.83009e-18
-1.80195e-09
-1.82668e-05
-2.32381e-18
-1.79044e-19
-2.13987e-08
 2.56073e-18
-2.33573e-06
 2.18724e-10
 1.03555e-07
 4.41513e-18
 3.55078e-10
 8.02885e-06
-6.18632e-18
-1.80769e-19
 7.02256e-08
-2.58949e-18
 3.86185e-06
 1.64707e-10
  1.0787e-06
 7.53679e-18
 1.43928e-09
  5.2207e-06
-2.66359e-19
  -7.258e-19
 5.25358e-08
-6.49435e-18
-4.15565e-06
 1.31898e-11
 3.28709e-07
 9.76488e-18
-9.71625e-10
-1.36864e-05
 8.84068e-18
-1.19391e-18
-1.38866e-07
-1.30745e-18
 9.64984e-07
-1.24019e-11
-2.56654e-08
 8.96055e-18
-4.09488e-09
 1.35839e-05
 1.27367e-18
-9.83696e-19
-1.92761e-08
 4.81097e-18
 1.02845e-06
-2.98975e-11
 2.62271e-06
 8.10416e-18
-4.43676e-09
-1.25219e-05
-6.94518e-18
-6.12151e-19
 6.55145e-08
 1.38144e-18
 3.84714e-07
-2.53804e-12
-1.88345e-06
 9.12391e-18
-1.14039e-09
 1.25647e-05
 1.17516e-19
-6.94108e-19
 1.10257e-07
-2.74739e-18
  3.6016e-07
-1.65339e-11
-1.37288e-06
   9.158e-18
 3.85483e-10
-6.76034e-06
 4.27372e-18
-8.64524e-19
-5.72309e-08
-9.28751e-20
-3.14997e-06
 1.27849e-10
  1.7529e-06
 8.81753e-18
-3.36407e-09
-8.18943e-06
-9.00321e-20
-7.23926e-19
 1.06966e-07
 2.43617e-18
 5.88626e-06
 1.54398e-10
 8.27657e-08
  1.1945e-17
-6.27379e-09
  2.3741e-05
 8.12631e-19
-4.05387e-19
 2.49497e-07
 2.87281e-18
-3.51036e-06
 8.89486e-13
-1.24212e-06
 1.44855e-17
 -6.0922e-09
-2.99594e-05
 -3.2173e-18
-1.47813e-19
 5.35836e-08
 1.42007e-18
 2.44004e-07
  1.6298e-10
 1.32287e-06
 1.10412e-17
-4.77457e-09
 2.62655e-05
-6.70544e-18
-3.37062e-19
 2.16811e-07
-4.57422e-18
 2.47863e-06
 3.87372e-11
 7.40379e-07
 7.66773e-18
-9.98145e-10
-1.02945e-05
   4.497e-18
 -9.6604e-19
-6.45725e-08
-5.90874e-18
-7.16997e-06
-1.04567e-10
 4.27714e-07
 1.02103e-17
 3.29189e-09
-9.08912e-06
 5.67639e-18
-1.30647e-18
 -2.2265e-07
 2.34879e-19
 4.53581e-06
 3.58281e-11
-1.57766e-06
 1.29724e-17
 4.36718e-09
 1.58369e-05
 1.90089e-19
-1.06574e-18
 7.73598e-08
 3.77729e-18
 4.62957e-07
 1.18736e-12
-1.36446e-06
 1.04513e-17
  3.8993e-09
-1.40142e-05
 2.10877e-19
-5.97944e-19
 6.66551e-08
 4.01934e-18
 -6.3899e-07
 2.32498e-11
 3.24843e-06
 7.51697e-18
 2.44047e-09
 1.07137e-05
-2.73358e-18
 -2.0697e-19
 1.09668e-07
 2.49688e-18
 1.35443e-06
 2.70914e-11
-1.33989e-06
 8.06027e-18
-5.34004e-10
-5.66293e-06
-4.58996e-18
-1.72506e-19
 8.92413e-08
-1.92247e-18
-1.69441e-06
-8.24426e-12
 7.15742e-07
 7.98006e-18
 -3.2034e-09
 4.29827e-06
-4.21695e-19
-5.84643e-19
-6.45938e-08
-4.94648e-18
-8.70499e-07
 8.42872e-11
 2.81893e-07
 6.73758e-18
-5.34615e-09
-9.19608e-06
 4.92041e-18
-1.01541e-18
 8.13139e-09
-2.23296e-18
 2.08332e-06
 1.00604e-10
-1.44258e-06
  7.6129e-18
-6.11662e-09
 1.34032e-05
 4.08434e-18
  -9.575e-19
 1.05969e-07
 3.19813e-18
-4.52908e-07
 4.17656e-11
 2.18587e-06
 1.05078e-17
-4.53087e-09
 -1.4179e-05
-7.79771e-19
-4.54145e-19
 7.96159e-08
 5.19111e-18
 1.33756e-08
 2.03591e-11
-9.69532e-07
 1.24671e-17
-4.93428e-10
  1.4659e-05
-6.01983e-18
-7.71679e-20
 6.39103e-08
 1.09184e-18
-2.74448e-07
-9.50417e-11
 1.56136e-06
 1.13121e-17
 2.59324e-09
-8.33172e-06
 2.35858e-18
-7.85954e-20
-1.97902e-07
-1.11563e-18
-4.08979e-06
-1.92241e-10
-2.72315e-06
 8.34349e-18
 2.16689e-11
 1.54694e-06
-5.07766e-19
-1.45533e-19
-4.43376e-07
          -0
          -0