           0
           0
           0
           0
           0
-1.12996e-08
  3.8374e-07
-5.43685e-13
 3.51566e-23
 2.67798e-17
 2.66734e-10
 4.55652e-06
-1.93602e-13
-1.37597e-27
 1.93018e-19
-3.40066e-08
-8.73213e-08
-6.37124e-13
 4.14826e-23
-3.65647e-17
 2.59992e-10
 4.54075e-06
-2.61963e-13
-6.27144e-28
-1.01644e-19
-5.72601e-08
-1.81523e-06
 8.65496e-13
-4.43917e-23
-4.43981e-17
 2.46671e-10
 4.56692e-06
-4.02377e-13
 5.52203e-28
 -7.6233e-20
-8.08894e-08
-1.82647e-06
 2.31211e-12
-1.44661e-22
 2.09793e-17
 2.27008e-10
 4.63694e-06
-5.60839e-13
 7.44685e-28
-7.03037e-20
-1.03205e-07
 9.67002e-07
 1.95505e-12
 -8.5631e-23
  4.9155e-17
 2.01193e-10
 4.67521e-06
 -6.2257e-13
-6.31089e-28
 2.81215e-19
-1.23047e-07
 3.31476e-06
  1.2336e-13
 1.84767e-23
 5.05509e-18
 1.69096e-10
 4.64689e-06
-5.18616e-13
 9.46633e-29
 5.86147e-19
-1.42106e-07
 1.99302e-06
-1.35006e-12
 2.69234e-23
-2.81215e-17
 1.30654e-10
 4.61685e-06
-3.23642e-13
-9.34011e-28
-8.80067e-19
-1.63149e-07
-1.50848e-06
-1.31672e-12
 -1.6937e-23
-1.25496e-17
 8.62761e-11
 4.64632e-06
-2.03211e-13
 7.57306e-29
 4.15046e-20
-1.86266e-07
-3.02732e-06
-2.15709e-13
-2.62347e-23
 2.08709e-18
  3.6484e-11
 4.70085e-06
-2.49317e-13
 5.42736e-28
 1.01644e-19
-2.08681e-07
-1.21423e-06
 8.87957e-13
 1.15918e-23
 6.46879e-18
-1.86353e-11
  4.7241e-06
 -3.9458e-13
-2.04473e-27
-1.89735e-19
 -2.2818e-07
 1.36046e-06
  1.3583e-12
-5.41464e-23
 2.83722e-17
 -7.9159e-11
 4.74741e-06
-5.06153e-13
 8.07794e-28
 2.49875e-19
-2.45241e-07
 2.02835e-06
  1.1223e-12
-2.56226e-22
 2.13317e-17
-1.44683e-10
 4.83961e-06
-5.38064e-13
-8.07794e-28
 4.75185e-19
-2.61675e-07
  8.8078e-07
 5.26966e-13
-2.81125e-22
-6.13591e-17
-2.14454e-10
 4.97239e-06
 -5.5662e-13
 3.78653e-28
-3.71847e-19
 -2.7837e-07
-2.47283e-07
 2.49821e-13
-2.18306e-23
-1.11669e-16
-2.88091e-10
 5.03181e-06
-6.26576e-13
 1.76705e-28
 2.81215e-19
-2.94801e-07
-2.18431e-07
 7.04525e-13
 2.23701e-22
-4.05898e-18
-3.65719e-10
 4.97758e-06
-7.18229e-13
 1.61559e-27
-2.78674e-19
-3.10133e-07
 3.93914e-07
 1.29248e-12
 1.86887e-22
 1.45236e-16
-4.47275e-10
 4.90744e-06
-7.47423e-13
-2.01948e-28
 1.25361e-19
-3.24289e-07
 2.69587e-07
 9.08237e-13
-8.75374e-23
 1.15637e-16
-5.32119e-10
 4.92737e-06
-6.81412e-13
-2.01948e-28
-2.77827e-19
-3.37837e-07
-8.64119e-07
-4.38584e-13
-2.93199e-22
 -4.6126e-17
-6.19492e-10
 5.02466e-06
-5.79268e-13
 6.56332e-28
 3.98105e-19
-3.50931e-07
-1.68866e-06
 -1.2103e-12
-3.25704e-22
-9.85133e-17
-7.09012e-10
 5.11634e-06
-5.38561e-13
-8.07794e-28
 2.53263e-19
-3.62743e-07
-9.38138e-07
-1.93111e-13
-2.68909e-22
-2.06947e-17
-8.00502e-10
 5.16603e-06
  -6.204e-13
 2.01948e-28
-9.23266e-19
-3.72238e-07
 8.62153e-07
 1.79377e-12
-9.74094e-23
-6.77626e-20
-8.93613e-10
 5.19437e-06
-8.10789e-13
-2.52435e-28
 5.59042e-20
-3.79315e-07
 1.96297e-06
 2.85996e-12
 2.05565e-22
-2.87652e-17
-9.87867e-10
 5.21714e-06
-1.02375e-12
 4.03897e-28
 6.15793e-19
-3.84847e-07
 1.30356e-06
 2.33489e-12
 4.19749e-22
 6.18944e-17
-1.08288e-09
 5.23938e-06
-1.14459e-12
 1.51461e-28
-7.12355e-19
-3.89732e-07
-6.03187e-07
 1.16491e-12
 2.43281e-22
 1.74828e-16
-1.17831e-09
 5.28634e-06
-1.10766e-12
-1.00974e-28
 6.81862e-19
-3.94022e-07
-2.11134e-06
 2.67085e-13
-2.41426e-22
 3.00595e-17
-1.27368e-09
 5.37513e-06
-9.57356e-13
-3.02923e-28
 1.58819e-19
-3.96874e-07
-1.62141e-06
-3.58154e-13
-6.07136e-22
 -2.7595e-16
-1.36847e-09
  5.4644e-06
-8.24709e-13
-3.02923e-28
-5.11184e-19
-3.97348e-07
 6.49908e-07
-7.42258e-13
-5.74632e-22
-2.82076e-16
-1.46236e-09
 5.49076e-06
-8.26602e-13
 5.04871e-28
 5.00596e-19
-3.95383e-07
 2.11535e-06
-3.43604e-13
-2.21834e-22
 1.25856e-16
-1.55511e-09
 5.46039e-06
-9.80188e-13
 4.03897e-28
-4.64174e-19
-3.91825e-07
 6.14792e-07
 1.07719e-12
 1.38658e-22
 4.45444e-16
-1.64639e-09
 5.45575e-06
-1.20575e-12
-5.04871e-28
 4.08693e-19
 -3.8731e-07
-2.21987e-06
 2.70596e-12
 3.09722e-22
 2.18995e-16
-1.73576e-09
 5.53374e-06
-1.39648e-12
 2.01948e-28
-2.80791e-19
-3.81437e-07
-2.52866e-06
  3.3951e-12
 3.36436e-22
-3.07459e-16
-1.82278e-09
 5.65149e-06
-1.48532e-12
-1.00974e-28
-1.13714e-19
-3.73386e-07
 4.21595e-07
 2.74727e-12
 2.06557e-22
-4.59241e-16
-1.90712e-09
 5.72005e-06
-1.47062e-12
 4.03897e-28
 1.55431e-19
-3.63039e-07
 2.84722e-06
 1.21186e-12
-7.36626e-23
-4.55365e-18
-1.98857e-09
 5.71667e-06
-1.40282e-12
-3.02923e-28
-4.59515e-20
 -3.5098e-07
 1.53931e-06
-3.79846e-13
 -2.9891e-22
 4.93874e-16
-2.06685e-09
 5.71193e-06
-1.34649e-12
-4.03897e-28
 2.20864e-19
-3.37599e-07
-1.78655e-06
-1.11729e-12
-3.23317e-22
 3.75757e-16
-2.14166e-09
  5.7786e-06
-1.34102e-12
 1.00974e-28
-8.16646e-19
-3.22716e-07
-3.00162e-06
-4.62497e-13
-2.25019e-22
-2.27913e-16
-2.21269e-09
 5.89938e-06
-1.38932e-12
 3.02923e-28
 6.44963e-19
-3.06086e-07
-1.03855e-06
  1.1479e-12
-1.46787e-22
-5.67234e-16
-2.27969e-09
 5.98991e-06
-1.47734e-12
           0
 3.11999e-19
-2.87827e-07
 1.23771e-06
 2.53358e-12
-8.26898e-23
-2.85504e-16
-2.34243e-09
 6.00046e-06
-1.59216e-12
-3.02923e-28
-5.48603e-20
-2.68208e-07
 1.22019e-06
 2.95352e-12
 4.50704e-23
 2.19663e-16
-2.40072e-09
 5.96569e-06
-1.71919e-12
 2.01948e-28
-5.18146e-19
-2.47327e-07
-4.12277e-07
 2.75802e-12
 1.83383e-22
 4.75297e-16
-2.45434e-09
 5.95833e-06
  -1.837e-12
 1.00974e-28
  3.6973e-19
-2.25142e-07
-1.41781e-06
 2.63849e-12
 2.72086e-22
 4.14219e-16
-2.50312e-09
 6.02286e-06
-1.92521e-12
           0
 1.36584e-20
-2.01649e-07
-1.11629e-06
 2.64042e-12
 3.68815e-22
 1.03391e-16
-2.54691e-09
 6.15182e-06
-1.97017e-12
-1.00974e-28
-2.86721e-19
 -1.7693e-07
-4.71415e-07
 2.31263e-12
 4.23415e-22
-3.88121e-16
-2.58557e-09
 6.29265e-06
-1.96099e-12
           0
 1.29384e-19
-1.51154e-07
-5.81746e-08
 1.57996e-12
 2.12322e-22
-7.06829e-16
-2.61898e-09
 6.37374e-06
-1.89712e-12
 5.04871e-29
-3.88365e-19
-1.24602e-07
 3.34501e-07
  9.8835e-13
-2.63203e-22
 -4.1828e-16
-2.64701e-09
 6.35852e-06
-1.80961e-12
           0
  4.2394e-19
-9.75515e-08
 4.91034e-07
 1.01727e-12
-5.95108e-22
 2.86018e-16
-2.66955e-09
 6.28905e-06
-1.75746e-12
           0
-2.75074e-19
-7.01146e-08
-6.28481e-08
 1.41957e-12
-4.27253e-22
 6.12964e-16
-2.68652e-09
 6.25182e-06
-1.78166e-12
           0
-3.70577e-21
-4.22853e-08
-7.47267e-07
 1.43287e-12
 1.01208e-22
 1.65646e-16
 -2.6979e-09
 6.28496e-06
-1.86268e-12
 2.52435e-29
-1.25043e-19
-1.41357e-08
-4.69252e-07
 6.20763e-13
 5.30927e-22
-4.77808e-16
-2.70367e-09
 6.33759e-06
-1.93257e-12
-3.78653e-29
 6.03485e-19
           0
-5.42101e-20
-1.23532e-24
           0
           0