-1.04644e-06
-3.90533e-06
 8.96799e-11
  0.00317425
 7.38092e-05
 -3.9475e-09
-1.30302e-10
-5.77586e-06
          -0
          -0
-2.27601e-07
-5.17988e-06
-3.46242e-11
  0.00319421
 2.76537e-05
-5.68937e-09
-1.33348e-10
-5.80792e-06
-3.04572e-11
-3.20632e-07
 5.81001e-07
-3.87942e-06
 1.58206e-10
  0.00325146
-2.08761e-05
-6.03534e-09
-1.43145e-10
-5.87419e-06
-6.75129e-11
-3.42032e-07
 1.38549e-06
-9.93462e-07
 4.88791e-10
  0.00334573
 8.13104e-06
 1.72255e-09
-1.58011e-10
-5.93857e-06
-8.11439e-11
-3.01741e-07
 2.17903e-06
 1.27943e-07
 5.05834e-10
  0.00347658
 9.20172e-05
 1.27294e-08
-1.69672e-10
-6.03057e-06
-3.54713e-11
-6.18242e-07
 2.94538e-06
 -1.8598e-06
  1.1507e-10
  0.00364332
 0.000115221
 1.32644e-08
-1.68552e-10
-6.21971e-06
 4.66763e-11
-1.27319e-06
 3.67866e-06
-4.68392e-06
-2.65304e-10
  0.00384492
 2.05322e-05
-1.31101e-09
-1.55439e-10
-6.51725e-06
  8.4449e-11
-1.70223e-06
 4.39238e-06
-5.42902e-06
-2.25385e-10
   0.0040802
-9.77237e-05
-1.69429e-08
-1.44319e-10
 -6.8333e-06
 2.67547e-11
-1.45829e-06
 5.10315e-06
 -3.8682e-06
 1.59389e-10
  0.00434801
-9.98716e-05
-1.56113e-08
-1.49257e-10
-7.06251e-06
-7.61321e-11
-8.33823e-07
 5.80914e-06
-2.12473e-06
 4.86073e-10
  0.00464707
 1.76241e-05
 1.86216e-09
-1.68828e-10
-7.20329e-06
-1.19586e-10
-5.73907e-07
 6.49118e-06
-1.90141e-06
 5.17274e-10
  0.00497579
 0.000108839
 1.52609e-08
-1.87334e-10
-7.35804e-06
-6.54723e-11
-9.73599e-07
 7.13449e-06
-3.04105e-06
 3.61958e-10
  0.00533238
 6.38519e-05
 9.71414e-09
-1.92536e-10
-7.60734e-06
 1.34569e-11
-1.51939e-06
 7.74273e-06
-4.37963e-06
 2.43293e-10
  0.00571498
-5.03339e-05
-5.87059e-09
 -1.8863e-10
-7.91549e-06
 2.56039e-11
-1.56214e-06
 8.32804e-06
-4.94322e-06
 2.57888e-10
  0.00612169
-8.43381e-05
-1.12424e-08
-1.88917e-10
-8.18536e-06
 -2.8478e-11
-1.13656e-06
 8.89226e-06
-4.40216e-06
 3.54928e-10
   0.0065504
-3.99629e-06
-1.05295e-09
-1.98498e-10
-8.38476e-06
-6.73332e-11
-8.57428e-07
 9.42374e-06
 -3.3969e-06
 4.06644e-10
  0.00699888
 7.92063e-05
 1.02874e-08
-2.09046e-10
-8.58002e-06
-3.81442e-11
-1.09516e-06
 9.91155e-06
-3.51329e-06
 2.82618e-10
  0.00746494
 6.79279e-05
 9.19097e-09
-2.10518e-10
-8.84555e-06
 2.34238e-11
 -1.5602e-06
 1.03574e-05
-5.79087e-06
-8.89984e-12
  0.00794647
-9.10183e-06
-1.36106e-09
-2.03357e-10
-9.17619e-06
 4.81838e-11
-1.74616e-06
 1.07712e-05
-8.86044e-06
-2.19138e-10
  0.00844126
-6.65355e-05
-9.70071e-09
-1.97215e-10
-9.50152e-06
 1.32429e-11
-1.50717e-06
 1.11576e-05
-9.75666e-06
-4.72811e-11
  0.00894691
-7.21491e-05
-1.04548e-08
-2.00934e-10
-9.75913e-06
-5.04369e-11
-1.06893e-06
 1.15099e-05
-7.38509e-06
 4.81718e-10
  0.00946094
-4.28925e-05
-5.61476e-09
-2.16098e-10
-9.93657e-06
-1.01205e-10
-7.05407e-07
 1.18169e-05
-4.17955e-06
 9.48324e-10
  0.00998088
 1.06043e-05
 2.65388e-09
-2.37273e-10
-1.00674e-05
-1.10543e-10
 -6.0342e-07
 1.20727e-05
-3.32168e-06
 9.62023e-10
   0.0105043
 7.31777e-05
 1.17936e-08
-2.54813e-10
-1.02146e-05
-6.48596e-11
-8.68258e-07
 1.22794e-05
-5.21713e-06
 5.68752e-10
   0.0110289
 9.40655e-05
 1.49082e-08
-2.59343e-10
-1.04411e-05
 1.95643e-11
-1.39686e-06
 1.24427e-05
-7.88458e-06
 1.32891e-10
   0.0115529
 3.51177e-05
 6.34224e-09
-2.48709e-10
-1.07613e-05
 8.67744e-11
-1.80519e-06
 1.25677e-05
 -9.8753e-06
-8.01489e-11
   0.0120743
-5.96643e-05
-8.44557e-09
-2.32013e-10
-1.11146e-05
 8.01865e-11
-1.72767e-06
 1.26566e-05
-1.11316e-05
-5.62298e-11
   0.0125911
-0.000100424
-1.61175e-08
-2.23733e-10
-1.14096e-05
 2.61493e-12
-1.22178e-06
 1.27069e-05
-1.15058e-05
 1.32286e-10
   0.0131008
-5.84207e-05
-1.05628e-08
-2.31637e-10
-1.16037e-05
 -8.1657e-11
 -7.1983e-07
 1.27109e-05
-1.04319e-05
 4.22933e-10
    0.013601
 1.04726e-05
 7.59143e-10
-2.51062e-10
-1.17325e-05
-1.12597e-10
-5.68349e-07
 1.26609e-05
-8.34234e-06
 6.95304e-10
   0.0140897
 4.92398e-05
 7.14689e-09
-2.71078e-10
-1.18651e-05
-8.75637e-11
-7.57114e-07
 1.25555e-05
-6.89528e-06
 7.96295e-10
   0.0145655
 5.55036e-05
 6.26519e-09
-2.84346e-10
-1.20496e-05
-4.51154e-11
 -1.0882e-06
 1.24021e-05
-7.24149e-06
 6.92495e-10
   0.0150267
 4.69249e-05
  1.9231e-09
-2.90774e-10
-1.22996e-05
-1.91595e-11
-1.41197e-06
 1.22109e-05
 -8.9627e-06
 4.95595e-10
   0.0154719
 2.64429e-05
-2.46688e-09
-2.94768e-10
-1.26052e-05
-2.07837e-11
 -1.6439e-06
 1.19887e-05
-1.09581e-05
 3.23493e-10
   0.0158997
 1.61273e-06
-4.73108e-09
-3.01189e-10
-1.29429e-05
-4.34231e-11
-1.73265e-06
 1.17373e-05
-1.25181e-05
 2.34663e-10
   0.0163086
-6.43715e-06
-4.16316e-09
-3.12672e-10
-1.32879e-05
 -7.1411e-11
 -1.7175e-06
 1.14561e-05
-1.33431e-05
 2.83729e-10
   0.0166971
 4.51535e-06
-2.74136e-09
-3.29123e-10
-1.36308e-05
-9.30971e-11
-1.71153e-06
 1.11436e-05
 -1.3382e-05
 4.99305e-10
   0.0170641
 1.20756e-05
-3.31058e-09
 -3.4964e-10
-1.39784e-05
 -1.1207e-10
-1.76408e-06
 1.07996e-05
-1.30225e-05
 7.80575e-10
   0.0174083
 1.07178e-05
-4.95042e-09
-3.74646e-10
-1.43384e-05
-1.37998e-10
-1.83625e-06
 1.04265e-05
-1.28816e-05
 9.49819e-10
    0.017729
 1.94158e-05
-4.08405e-09
 -4.0508e-10
-1.47152e-05
-1.66337e-10
-1.93163e-06
 1.00313e-05
-1.31504e-05
 9.62077e-10
    0.018025
 3.82841e-05
-7.12473e-10
-4.39837e-10
-1.51198e-05
-1.81238e-10
-2.11413e-06
 9.62134e-06
-1.35374e-05
 9.53576e-10
   0.0182956
 4.22752e-05
 1.47425e-09
-4.75813e-10
-1.55681e-05
-1.78515e-10
-2.36887e-06
 9.20183e-06
-1.39366e-05
 1.02568e-09
   0.0185403
 2.74581e-05
 1.45096e-09
-5.10553e-10
-1.60639e-05
-1.68889e-10
-2.58938e-06
 8.77658e-06
-1.46807e-05
 1.09296e-09
   0.0187587
 1.78463e-05
 1.68776e-09
-5.43294e-10
-1.65961e-05
-1.58524e-10
-2.73265e-06
 8.35071e-06
 -1.5943e-05
 1.03455e-09
   0.0189502
 1.76875e-05
 2.51671e-09
 -5.7362e-10
-1.71538e-05
-1.44734e-10
-2.84499e-06
 7.92667e-06
-1.72325e-05
 9.05153e-10
   0.0191142
 1.91869e-06
 1.63969e-09
-6.01199e-10
 -1.7729e-05
-1.31056e-10
-2.90691e-06
 7.49575e-06
-1.77477e-05
 8.71085e-10
   0.0192507
-3.79093e-05
-4.38777e-10
-6.26976e-10
 -1.8299e-05
-1.26715e-10
  -2.793e-06
 7.03672e-06
-1.71375e-05
 9.64612e-10
   0.0193592
-7.91497e-05
-8.22667e-11
-6.52435e-10
-1.88206e-05
-1.27871e-10
 -2.4227e-06
 6.52484e-06
-1.57772e-05
 1.01202e-09
   0.0194393
-0.000106942
  3.9953e-09
-6.76735e-10
-1.92463e-05
-1.15131e-10
-1.83399e-06
 5.93943e-06
-1.43083e-05
 8.27829e-10
   0.0194901
-0.000136879
  9.3432e-09
-6.95523e-10
-1.95359e-05
-7.27563e-11
-1.06251e-06
 5.25923e-06
-1.29776e-05
 4.25435e-10
   0.0195106
-0.000198895
 1.36464e-08
-7.02799e-10
-1.96422e-05
          -0
          -0