-3.22293e-08
 1.38337e-08
-6.61554e-23
-3.17035e-06
 0.000266766
 6.05026e-21
 1.73289e-21
 3.50728e-07
          -0
          -0
-1.15512e-07
-1.28037e-05
-1.61114e-22
 1.68715e-06
-0.000241759
-7.17491e-21
 1.67514e-21
 3.37542e-07
 -6.8248e-22
-1.51531e-05
-1.07356e-07
 2.41486e-05
 7.59319e-23
-1.97222e-06
 0.000170378
  9.5866e-21
  1.6894e-21
 5.54576e-07
 7.83422e-22
 2.80428e-05
-4.39719e-08
-3.00505e-05
-1.54373e-22
-2.03095e-06
-6.75183e-05
-9.25783e-21
  1.7996e-21
 4.59612e-07
 9.78366e-22
-3.41705e-05
-6.38081e-08
 3.01028e-05
  2.2223e-22
 2.11936e-06
-2.39589e-05
  6.2302e-21
 1.79064e-21
  1.9583e-07
-8.61138e-22
 2.11417e-05
-3.79336e-08
-2.76975e-05
-3.70208e-22
-2.73106e-06
  8.4039e-05
-2.22393e-21
 1.84878e-21
 5.96959e-07
 1.55518e-21
-1.51754e-05
 3.74659e-08
 2.34618e-05
 2.66104e-22
-8.77402e-07
-0.000130775
-2.18793e-21
 1.87716e-21
 3.00271e-07
-1.11555e-21
 1.30631e-05
-1.52585e-07
-1.59022e-05
  1.2461e-22
 1.16503e-07
 0.000148944
 6.83793e-21
 1.90729e-21
 8.40859e-07
 1.70104e-21
 2.09757e-06
 2.21326e-08
 7.23774e-06
-1.32824e-22
   1.587e-06
-0.000107315
-1.03777e-20
 1.97697e-21
 1.22064e-08
-4.22989e-22
-2.30709e-05
-3.39386e-08
-1.95791e-06
  2.2462e-22
  7.1746e-07
 -5.1668e-06
 1.24138e-20
 1.99639e-21
 8.45719e-07
 8.05056e-22
 4.48886e-05
-8.25858e-08
-1.42879e-06
-3.18412e-22
-1.33888e-06
 0.000171342
 -1.3214e-20
 2.07172e-21
 4.65266e-07
 3.08705e-22
-5.54779e-05
-4.76645e-08
 5.96092e-06
 4.52457e-22
 4.23262e-08
-0.000365382
 1.23068e-20
 2.09339e-21
-6.71046e-08
 -2.3916e-22
   6.168e-05
-1.51587e-07
-7.93544e-06
 2.06105e-22
-2.95663e-07
 0.000541059
-1.06656e-20
 2.11788e-21
 1.60382e-06
 7.72296e-22
-4.43504e-05
 1.19405e-07
 5.75306e-06
-2.25233e-22
  1.2256e-06
-0.000614214
 9.86709e-21
 2.18303e-21
-6.08598e-07
 2.63558e-22
 -2.4575e-07
-1.00602e-07
-3.43531e-06
 3.58721e-22
-5.70165e-07
 0.000545731
-9.72795e-21
 2.21607e-21
 1.65084e-06
 3.53802e-22
 4.11521e-05
 2.70699e-08
 2.23409e-06
-3.96127e-23
 1.19295e-06
-0.000351037
 1.09443e-20
 2.30954e-21
 -1.9562e-07
 1.09571e-21
-7.63947e-05
 5.92984e-08
-8.90473e-07
 2.70265e-22
 2.99383e-06
 3.79103e-05
-1.49654e-20
 2.27308e-21
 7.67915e-07
-1.32841e-21
 0.000112574
-8.19018e-08
-8.23388e-07
 6.73444e-22
 -1.6946e-06
 0.000367533
 2.08065e-20
 2.34215e-21
 7.88622e-07
 2.18794e-21
-0.000132022
 9.95777e-09
 3.21273e-06
-9.74986e-22
 1.88568e-06
-0.000750853
-2.52236e-20
 2.44553e-21
 3.31352e-08
 -4.6499e-22
 9.91463e-05
 -1.1313e-07
-4.99335e-06
 1.69204e-21
 -3.1934e-06
  0.00100623
  2.4212e-20
 2.39089e-21
  1.6285e-06
-1.07063e-21
-5.47876e-05
   3.967e-08
 4.54005e-06
  -1.233e-21
-1.93099e-06
 -0.00109719
-1.42606e-20
 2.55746e-21
-5.06201e-07
 4.91344e-21
-4.91186e-08
-5.15196e-08
-2.13068e-06
 1.59845e-21
 1.34731e-06
  0.00100807
-3.75948e-21
 2.48341e-21
 1.47401e-06
-5.95607e-21
 5.37852e-05
-9.91197e-08
-6.96209e-08
 -7.5057e-22
-5.51866e-06
-0.000756847
 2.64764e-20
 2.58723e-21
 3.87388e-07
 7.74483e-21
-9.77439e-05
-2.26335e-08
 1.12302e-06
 1.34288e-21
-1.88812e-07
 0.000393205
-5.18592e-20
 2.65818e-21
 3.73494e-07
-7.54576e-21
 0.000121482
-3.02517e-08
-4.21486e-06
-1.08888e-21
-2.20397e-06
-4.63166e-05
 7.44809e-20
 2.66782e-21
 1.12637e-06
 6.06482e-21
-8.75753e-05
-8.46129e-08
 7.66758e-06
 1.69093e-21
 9.73936e-07
-0.000198625
-8.61204e-20
 2.73265e-21
 5.04033e-07
 -9.1762e-22
 5.99947e-05
-3.70225e-08
-7.26214e-06
-1.17406e-22
-5.98711e-07
 0.000378945
 8.15397e-20
 2.71381e-21
 8.00249e-07
-3.69646e-21
-4.86003e-05
 9.53819e-08
 2.24481e-06
-2.47835e-22
 2.38438e-07
-0.000505783
-6.34078e-20
 2.85532e-21
 2.19541e-07
 7.23832e-21
 2.77477e-05
-6.82086e-08
 1.21693e-06
 1.90215e-21
-1.91978e-06
  0.00053982
 3.96397e-20
 2.84362e-21
  1.8356e-06
-7.08338e-21
 7.30494e-06
 9.22174e-09
-4.25149e-07
 -1.7265e-21
-2.21637e-06
-0.000469477
 -1.5828e-20
 2.87948e-21
-2.94848e-07
 7.25614e-21
-3.51016e-05
-8.97255e-08
-7.45025e-07
 2.95059e-21
 3.07609e-06
 0.000320572
-5.16351e-21
 2.98088e-21
 1.06466e-06
 -5.3745e-21
 5.45809e-05
-3.24411e-08
  7.0618e-07
-2.03795e-21
 3.22478e-08
 -0.00014795
 2.60009e-20
 2.95971e-21
 1.11521e-06
 7.15498e-21
-4.93442e-05
 1.06068e-07
-2.53674e-06
 2.64792e-21
-5.55963e-07
 2.29125e-05
-4.68826e-20
 3.09689e-21
 3.05494e-07
-5.41024e-21
 2.59106e-05
-3.67352e-08
 6.19839e-06
-1.13649e-21
 2.18053e-06
 2.64394e-05
  6.2994e-20
 3.00758e-21
 1.12564e-06
 4.28839e-21
-3.78402e-06
 1.06586e-07
-1.00113e-05
 2.04875e-21
-1.46382e-06
-2.26165e-05
-7.37545e-20
 3.22098e-21
 7.58595e-07
-2.18186e-21
-6.08674e-06
 -1.1325e-07
 1.05738e-05
-1.22049e-21
-9.75902e-07
-3.09114e-06
 7.57143e-20
 3.15674e-21
 7.51279e-07
-1.01371e-21
 9.37813e-06
-4.01252e-08
-8.85679e-06
 2.78584e-21
-4.15041e-07
 2.61529e-05
-6.27254e-20
 3.23047e-21
 9.10964e-07
 6.81746e-21
-4.48839e-06
 4.63682e-08
 7.77196e-06
-1.90442e-21
 7.67887e-07
-2.94162e-05
 3.61459e-20
 3.32169e-21
 8.71695e-07
-9.18873e-21
-2.52858e-06
-3.47455e-08
-8.69488e-06
 3.06072e-21
-2.04874e-06
 2.93946e-05
-7.70431e-21
 3.21179e-21
 9.79592e-07
 7.93214e-21
-2.51313e-06
-9.01531e-09
 8.81238e-06
-1.13117e-21
-1.46255e-07
-4.92079e-05
-1.16261e-20
  3.4699e-21
 6.55871e-07
-3.68869e-21
 9.39194e-06
-1.28462e-07
-7.02697e-06
 1.70089e-21
 4.85435e-07
 5.98911e-05
 2.20279e-20
 3.31128e-21
 1.03506e-06
 2.53666e-21
  2.9762e-06
-5.62502e-08
 2.23826e-06
 3.02172e-22
-1.14214e-06
-3.75219e-05
 -2.6381e-20
 3.50791e-21
 1.07883e-06
-5.95006e-23
-1.04693e-05
 4.25469e-08
 4.29559e-06
 5.83139e-22
-2.72013e-07
 2.09225e-05
 2.81941e-20
 3.44689e-21
 6.05921e-07
 1.00915e-21
-4.94154e-07
  3.0824e-08
-1.06753e-05
 1.54744e-21
-1.67389e-06
-3.00625e-05
 -3.0751e-20
 3.58004e-21
 1.32386e-06
-5.23262e-22
 4.99313e-06
 4.45555e-08
 1.37151e-05
-6.38364e-22
 1.50079e-07
 4.61209e-05
 3.11462e-20
 3.47447e-21
 8.13044e-07
-2.77839e-22
-4.64757e-06
 8.40148e-09
-1.50377e-05
 3.08911e-21
   2.115e-06
-6.02588e-05
-2.68704e-20
 3.60755e-21
 6.50138e-07
 2.29656e-21
 3.83497e-06
-7.62088e-08
  1.6058e-05
-2.52695e-21
 1.35826e-06
 5.01135e-05
 2.00585e-20
 3.58164e-21
 1.39015e-06
-1.79756e-21
 9.93278e-06
-5.54429e-08
-1.75276e-05
 5.25043e-21
-1.72868e-06
-1.69599e-05
-1.36849e-20
 3.63203e-21
 7.76308e-07
 2.02912e-21
-9.97186e-06
-6.48682e-09
 1.79142e-05
-4.07781e-21
 2.89907e-06
 1.72329e-07
 5.15392e-21
 3.57218e-21
 9.56415e-07
-3.09209e-21
 1.03401e-07
 1.11703e-08
-1.82747e-05
  6.0767e-21
          -0
          -0
          -0
 3.54779e-21
 9.41935e-07
          -0
          -0