 4.16732e-28
           0
       1e-13
     7.11479
  0.00013663
 6.77797e-16
-4.16732e-15
     1.57057
           0
           0
 8.61018e-09
-5.54119e-05
 9.79799e-14
     6.96959
 0.000133256
 4.85396e-16
-4.12508e-15
     1.57056
 7.04113e-16
-0.000163367
 3.19156e-08
-0.000129412
 9.59986e-14
     6.82439
-5.65394e-05
-5.13325e-16
-4.04159e-15
     1.57053
 6.87266e-16
-0.000209807
 6.02884e-08
 -0.00013797
 9.41339e-14
     6.67919
-0.000198814
-9.66251e-16
-4.01284e-15
     1.57052
   -2.08e-16
 -5.5301e-05
 6.99291e-08
-0.000138985
  9.2322e-14
     6.53399
 1.38565e-05
-5.70462e-16
-4.09358e-15
     1.57052
-1.13772e-15
 5.66078e-05
 5.65153e-08
-0.000177508
 9.03587e-14
     6.38879
 4.98128e-05
-1.38273e-17
-4.25131e-15
     1.57052
-1.49117e-15
 1.80975e-05
 4.00444e-08
 -0.00018784
 8.82054e-14
     6.24359
-4.85345e-05
 2.63674e-16
-4.42119e-15
     1.57052
-1.34009e-15
  1.7319e-05
 3.53263e-08
-0.000231166
 8.60994e-14
     6.09839
 0.000114263
 2.71998e-16
-4.56257e-15
     1.57052
-1.01619e-15
-2.24156e-05
 3.71215e-08
-0.000331299
 8.42419e-14
     5.95319
 5.86725e-05
 6.18941e-17
 -4.6724e-15
     1.57051
-8.14322e-16
-0.000126967
 3.50546e-08
-0.000403949
 8.24921e-14
     5.80799
-0.000209645
 -1.3393e-16
-4.77273e-15
      1.5705
-8.57853e-16
-3.57279e-05
 2.82444e-08
-0.000458208
 8.04993e-14
     5.66279
  5.0089e-05
-1.21718e-16
-4.88494e-15
     1.57051
-1.01235e-15
 6.07109e-05
 2.41065e-08
-0.000520864
 7.80922e-14
     5.51759
 0.000135372
-9.35072e-17
-5.01422e-15
     1.57051
 -1.1424e-15
 -5.1344e-05
 2.27737e-08
-0.000582555
 7.54417e-14
     5.37239
-0.000158719
-1.56294e-16
-5.16037e-15
      1.5705
 -1.2933e-15
-3.72561e-05
 1.88373e-08
-0.000599232
  7.2863e-14
     5.22719
 7.75259e-05
-1.96275e-16
-5.32834e-15
      1.5705
-1.50625e-15
 1.17975e-05
  1.3071e-08
-0.000578123
 7.05472e-14
     5.08199
 7.26346e-05
-2.33339e-16
-5.52466e-15
      1.5705
-1.76569e-15
-7.88838e-05
-2.85857e-09
-0.000615573
 6.84818e-14
     4.93679
-0.000156158
-2.27632e-16
-5.75324e-15
     1.57049
-2.04402e-15
-2.84662e-05
-4.59802e-08
-0.000671823
 6.65255e-14
     4.79159
-2.37913e-05
 -5.2948e-17
-6.00868e-15
     1.57049
-2.21341e-15
  8.0172e-05
   -1.16e-07
-0.000722904
 6.45129e-14
      4.6464
 6.53514e-06
 2.75242e-16
-6.26624e-15
      1.5705
-2.07925e-15
 9.05889e-05
-1.87672e-07
-0.000795411
 6.23583e-14
      4.5012
 0.000104245
 5.45178e-16
-6.48605e-15
     1.57051
-1.58418e-15
 2.37434e-05
-2.28222e-07
-0.000800825
 6.00794e-14
       4.356
 6.71042e-05
  3.5861e-16
-6.64343e-15
     1.57051
-1.03887e-15
-7.96415e-05
-2.30812e-07
-0.000841102
 5.77055e-14
      4.2108
 2.65267e-06
-2.47436e-16
-6.76407e-15
     1.57049
-9.71777e-16
-0.000121725
-2.21799e-07
-0.000977634
 5.52341e-14
      4.0656
 -8.6885e-05
-5.68164e-16
 -6.9102e-15
     1.57048
-1.46367e-15
 -7.0927e-05
-2.30822e-07
 -0.00105691
 5.26856e-14
      3.9204
-0.000224316
-2.23598e-16
-7.11449e-15
     1.57049
-1.94114e-15
 0.000116726
-2.48028e-07
 -0.00110606
 5.01215e-14
      3.7752
 0.000284257
 2.33042e-16
-7.34708e-15
      1.5705
-1.93547e-15
 8.06147e-05
-2.36738e-07
 -0.00113355
  4.7568e-14
        3.63
 0.000182343
 8.28319e-17
-7.56791e-15
     1.57049
-1.74505e-15
-0.000200657
 -2.1322e-07
 -0.00116714
 4.49796e-14
      3.4848
-0.000380194
 -3.8811e-16
-7.78836e-15
     1.57047
-1.92901e-15
-8.14451e-05
-2.19137e-07
 -0.00127774
 4.23687e-14
      3.3396
-3.23438e-05
-3.49095e-16
-8.04649e-15
     1.57048
-2.37324e-15
 0.000167161
-2.40752e-07
 -0.00131706
 3.98743e-14
      3.1944
 0.000122006
 9.49412e-17
-8.34047e-15
      1.5705
-2.52638e-15
 0.000113151
-2.54844e-07
 -0.00133004
 3.75634e-14
      3.0492
-2.49587e-05
 2.18924e-16
-8.63229e-15
     1.57051
-2.33733e-15
 5.46851e-05
-2.68626e-07
 -0.00142186
 3.52575e-14
       2.904
-3.36753e-05
-4.81394e-17
 -8.9066e-15
     1.57051
-2.23446e-15
  8.9997e-05
-2.87984e-07
 -0.00152695
 3.27022e-14
      2.7588
-1.28399e-05
-1.94261e-16
-9.18349e-15
     1.57053
-2.38041e-15
 0.000118007
 -2.9952e-07
 -0.00165191
 2.98993e-14
      2.6136
 0.000186696
-1.82635e-17
-9.47682e-15
     1.57053
-2.50837e-15
 1.33504e-05
-2.85252e-07
 -0.00170673
 2.71252e-14
      2.4684
 6.63431e-05
 2.04793e-16
-9.77109e-15
     1.57053
 -2.3961e-15
-0.000138967
-2.57905e-07
 -0.00172753
 2.45777e-14
      2.3232
-0.000105255
 2.64892e-16
-1.00417e-14
     1.57051
-2.11344e-15
-0.000115558
-2.43057e-07
 -0.00182222
  2.2205e-14
       2.178
-3.79423e-05
 1.25981e-16
-1.02812e-14
      1.5705
-1.87825e-15
-2.93921e-05
-2.45015e-07
 -0.00186969
 1.99008e-14
      2.0328
-6.35787e-05
-1.62896e-16
-1.05079e-14
      1.5705
-1.90044e-15
 3.16812e-05
-2.55332e-07
 -0.00190216
 1.76589e-14
      1.8876
 2.58553e-05
-3.66269e-16
 -1.0755e-14
     1.57051
-2.21871e-15
 5.43763e-05
 -2.6286e-07
 -0.00197441
 1.55117e-14
      1.7424
 1.64288e-05
-2.98529e-16
-1.10453e-14
     1.57051
-2.61851e-15
 2.89471e-05
-2.78819e-07
 -0.00202497
 1.33833e-14
      1.5972
-0.000194742
-1.27689e-17
-1.13707e-14
     1.57052
 -2.8057e-15
  0.00013615
-3.26072e-07
 -0.00208275
 1.10689e-14
       1.452
 -4.5779e-05
 3.32726e-16
-1.16959e-14
     1.57055
-2.61338e-15
  0.00028075
-3.78751e-07
 -0.00215919
 8.49767e-15
      1.3068
 0.000229566
 5.63423e-16
-1.19772e-14
     1.57058
-2.07476e-15
   0.0001703
-3.85778e-07
 -0.00226937
 5.92781e-15
      1.1616
 0.000165812
 5.41235e-16
-1.21863e-14
     1.57058
-1.41092e-15
-6.73032e-05
-3.47961e-07
 -0.00237217
 3.63101e-15
      1.0164
-2.67126e-05
 2.40051e-16
-1.23274e-14
     1.57057
-9.41483e-16
-0.000150889
-3.17706e-07
 -0.00243661
 1.52672e-15
    0.871201
-0.000176608
-1.49563e-16
-1.24372e-14
     1.57056
-8.87103e-16
-2.87581e-05
-3.34605e-07
 -0.00253276
-5.90715e-16
       0.726
-7.72652e-05
-3.33646e-16
 -1.2561e-14
     1.57056
-1.17731e-15
 0.000123727
-3.84538e-07
 -0.00259229
-2.70103e-15
      0.5808
 4.39913e-05
-2.41272e-16
 -1.2723e-14
     1.57058
-1.52256e-15
 0.000143715
-4.41933e-07
 -0.00258267
-4.72587e-15
      0.4356
-6.43546e-05
 6.84041e-17
-1.29119e-14
      1.5706
-1.62637e-15
 0.000155935
-4.99054e-07
 -0.00261916
 -6.7932e-15
      0.2904
 7.01966e-05
 5.45843e-16
 -1.3085e-14
     1.57062
-1.25767e-15
 0.000152435
-5.37492e-07
 -0.00271073
 -9.0642e-15
      0.1452
 9.18987e-05
  7.7487e-16
-1.31883e-14
     1.57063
-4.65017e-16
 5.51506e-05
-5.48286e-07
 -0.00280622
-1.15003e-14
           0
           0
           0
-1.32162e-14
     1.57063
           0
           0