           0
           0
           0
           0
           0
 3.53419e-08
 2.13828e-06
-2.15765e-24
 1.34352e-27
-1.48047e-14
-3.82865e-10
-3.82397e-07
-1.63995e-21
   -6.72e-26
   3.584e-09
 1.23246e-08
-2.04321e-06
 7.14432e-23
-3.55779e-27
-3.75562e-13
 3.93129e-10
 -2.8167e-07
-1.62022e-21
    3.28e-26
 -2.2254e-09
 1.09911e-08
 9.81306e-07
-7.65007e-23
 2.13691e-27
-3.83215e-13
 9.09286e-10
-7.04823e-07
 -1.6782e-21
     1.8e-26
  1.0908e-09
 2.55665e-08
 1.41817e-07
 1.40961e-23
 3.49836e-27
 5.53134e-15
-3.81091e-10
-7.46837e-08
-1.72925e-21
    -6.4e-26
  2.0718e-09
-1.37677e-08
-3.41358e-07
-1.16212e-23
 2.27986e-27
  8.7489e-13
 3.60993e-10
-6.12743e-07
-1.74892e-21
     6.6e-26
   1.726e-10
 -8.4057e-09
 5.31729e-07
 7.44433e-24
 1.65797e-27
-2.98537e-13
 9.71747e-10
-2.27071e-07
-1.79538e-21
       8e-27
  -6.798e-10
 6.01865e-09
-1.32891e-06
-1.17864e-22
-3.15127e-27
-2.94928e-13
-2.63903e-10
-7.06643e-07
-1.82029e-21
      -2e-26
 -1.4762e-09
 1.59839e-08
 1.79228e-06
-9.47069e-23
-5.00292e-27
 7.13689e-13
-1.14615e-10
-3.17683e-07
-1.86782e-21
    -2.8e-26
   1.719e-09
-1.64703e-08
-1.28767e-06
 3.32474e-23
-2.85443e-28
-5.10883e-13
-2.01565e-10
-4.49717e-07
-1.91296e-21
    -1.4e-26
 -1.9022e-09
 -8.5811e-09
 1.81316e-06
-1.00534e-22
 6.03468e-27
 4.78129e-13
-3.04608e-10
-6.28463e-07
 -1.9549e-21
     3.4e-26
  1.0196e-09
 2.31866e-08
-3.62309e-06
 2.86993e-23
-8.06797e-28
 2.54469e-13
 5.42231e-10
-1.62036e-07
-2.00666e-21
       7e-26
  -3.618e-09
 1.03525e-08
 4.30638e-06
-3.35001e-22
-8.20282e-27
-6.88789e-13
 1.11563e-11
-7.94907e-07
-2.02467e-21
      -3e-26
  2.5246e-09
-5.29328e-09
-3.95239e-06
  5.7996e-23
 1.16251e-26
 9.73111e-13
-7.42875e-11
-4.23552e-07
-2.06705e-21
     1.2e-26
  1.8534e-09
-2.90551e-08
  3.9342e-06
-1.52438e-22
-3.46798e-27
-5.39205e-13
-1.21606e-10
-5.38375e-07
-2.11805e-21
    -1.6e-26
  -7.798e-10
-3.83296e-09
-3.22068e-06
-5.28032e-23
-2.33606e-27
-3.88044e-14
-3.76304e-10
-6.76885e-07
-2.17501e-21
     2.6e-26
  1.0724e-09
-1.98864e-08
 1.15589e-06
-2.10375e-22
-1.84562e-27
-6.61052e-13
 7.19377e-11
-2.88037e-07
-2.20498e-21
      -9e-26
 -4.8288e-09
-4.06967e-08
 1.87443e-06
-1.95502e-22
 3.06974e-27
 2.49636e-13
-1.24251e-09
-7.48062e-07
-2.22104e-21
       7e-26
  4.7504e-09
 1.30809e-08
-5.28782e-06
-1.20318e-22
-2.72462e-27
 2.60771e-13
 -3.7733e-10
-3.78706e-07
-2.29566e-21
 1.50463e-35
  4.8682e-09
-2.87592e-08
 7.66973e-06
  -6.558e-23
-4.45782e-27
-4.08388e-13
 7.23425e-10
-8.32168e-07
-2.33604e-21
     1.5e-25
 -4.2646e-09
-4.54849e-10
-8.31063e-06
-3.40116e-22
 9.59419e-27
 7.65289e-13
 4.59765e-10
-5.00997e-07
-2.36761e-21
   -2.56e-25
   4.622e-09
-1.38875e-09
 7.68734e-06
-1.10334e-22
-4.82905e-28
 2.36027e-13
 9.06553e-10
-4.92441e-07
 -2.4347e-21
    -4.6e-26
 -4.9758e-09
-3.00669e-08
-6.36265e-06
-1.88812e-22
-1.45137e-27
-1.16961e-12
-2.94423e-10
-8.86232e-07
 -2.4284e-21
    -1.4e-26
  6.2036e-09
 3.09507e-08
 4.27733e-06
-5.42467e-22
-2.87874e-27
 1.21954e-12
 1.95457e-09
-3.61212e-07
-2.52988e-21
    2.36e-25
 -5.7528e-09
-2.28804e-08
-7.03382e-07
 3.90344e-22
 4.50222e-27
-1.16278e-12
 1.16886e-09
-7.42619e-07
-2.55034e-21
    3.94e-25
 -5.1262e-09
 6.35348e-09
-1.75323e-06
-8.78206e-22
-7.79911e-27
  6.3295e-13
-5.53879e-10
-7.35902e-07
-2.60704e-21
   -9.76e-25
    4.13e-09
-4.80163e-09
 2.19692e-06
 1.25615e-22
 3.89955e-27
-7.15112e-13
 3.59337e-10
-6.86704e-07
-2.61047e-21
   1.032e-24
 -1.5498e-09
-2.55228e-08
-1.90483e-06
-4.98514e-22
-1.63308e-27
  7.6668e-13
 1.48706e-10
-4.51914e-07
-2.67614e-21
   -2.84e-25
  2.6818e-09
-4.86811e-08
 3.08745e-06
-1.63769e-22
-4.62371e-28
-7.01597e-13
 4.30451e-10
-9.92069e-07
-2.74733e-21
    -8.4e-26
 -1.9484e-09
-1.58798e-08
-4.30378e-06
 -3.1546e-22
  1.6032e-27
 5.50906e-13
 5.55734e-10
-7.46767e-07
-2.73583e-21
    1.02e-25
 -1.8506e-09
 2.33241e-08
 3.55964e-06
-3.96358e-22
-3.89888e-27
-4.81858e-13
-1.62025e-10
-3.71351e-07
-2.83475e-21
    -4.6e-26
    7.63e-10
-2.51282e-08
-1.84164e-06
-2.09935e-22
 4.12851e-27
 2.41596e-13
 -2.7986e-10
-1.04167e-06
-2.83451e-21
   -5.12e-25
 -1.0546e-09
-4.06997e-08
 1.27813e-06
-5.29487e-22
 2.21032e-27
 4.91419e-13
 1.63047e-10
-6.95387e-07
-2.92886e-21
     1.3e-25
  2.3852e-09
-2.62835e-08
 -1.1631e-06
-9.23064e-23
-5.28705e-27
-2.98705e-15
 -4.2581e-10
 -6.5283e-07
-2.91768e-21
    -8.8e-26
 -2.0298e-09
-5.95622e-08
 1.06033e-06
-8.82583e-22
 2.08707e-27
 1.62166e-13
 2.15371e-10
-9.69984e-07
-3.00511e-21
    3.48e-25
   9.008e-10
-2.20607e-08
-9.45793e-08
  2.8911e-22
 9.95253e-28
-3.61232e-13
-3.21432e-10
-6.43023e-07
 -3.0507e-21
     5.1e-25
  -8.192e-10
 4.03948e-09
-4.31866e-07
-1.10656e-21
-5.39807e-27
-4.33907e-13
 6.76657e-10
-8.76249e-07
-3.08426e-21
  -1.098e-24
  -5.348e-10
-2.61131e-08
 1.42141e-07
 6.89367e-23
 8.11136e-27
-1.61046e-13
 1.28074e-10
-7.89706e-07
 -3.1285e-21
    9.34e-25
   1.527e-09
-4.41852e-08
 5.47931e-07
-5.90904e-22
-7.66313e-27
 2.20294e-13
-1.73633e-10
-9.55019e-07
-3.15798e-21
   -1.38e-25
  1.6416e-09
-1.10742e-08
-3.39756e-07
-6.87795e-22
 2.60484e-28
 1.61935e-13
 6.83398e-10
-7.15524e-07
-3.19237e-21
     1.4e-26
 -2.9458e-09
 1.07459e-09
-1.33167e-07
-9.25114e-23
 8.88122e-27
 3.34301e-13
-2.87823e-10
-8.75542e-07
  -3.268e-21
   -3.58e-25
 -1.4516e-09
-5.73278e-09
 1.19073e-06
-8.86173e-22
-6.40156e-27
-3.07607e-13
 2.56847e-10
-9.78027e-07
-3.26923e-21
    1.92e-25
  1.9734e-09
-2.15455e-08
 -1.8975e-06
-1.15508e-22
  7.7954e-27
 1.76001e-13
 4.68029e-10
-8.00705e-07
-3.34088e-21
   -4.72e-25
   7.396e-10
-5.12083e-08
 1.89867e-06
 -9.6977e-22
-4.00329e-28
   1.216e-13
 4.23729e-10
-9.86549e-07
-3.37801e-21
    4.16e-25
   1.792e-09
-4.19663e-08
-6.76251e-07
-9.16971e-23
-4.54407e-27
 1.14754e-13
 3.68387e-10
-9.28482e-07
-3.37847e-21
    -2.3e-25
 -2.1262e-09
-2.60587e-08
 1.68041e-08
-1.07391e-21
-1.49442e-27
  5.6547e-13
-6.11926e-10
-8.17513e-07
-3.41516e-21
    4.78e-26
  -4.566e-10
-2.30227e-08
 1.22408e-07
-3.87809e-23
 4.76461e-28
-4.88195e-13
-7.62265e-10
-8.55258e-07
-3.42899e-21
  -2.234e-25
  -3.442e-10
-2.19755e-08
 2.27245e-07
 -1.0643e-21
 2.71283e-28
 6.71309e-14
 1.62607e-10
 -1.1744e-06
-3.49416e-21
    1.46e-25
  -2.446e-09
 2.57466e-09
-4.72065e-08
-3.50712e-22
 2.15463e-28
 3.97092e-13
-2.40367e-10
-6.89924e-07
-3.42103e-21
   1.572e-26
 3.08886e-09
-4.28715e-08
 1.29604e-07
-7.14066e-22
 3.45303e-28
-6.04748e-15
-5.05993e-10
-1.05599e-06
-3.45827e-21
  6.4452e-25
  -8.274e-11
           0
           0
           0
           0
           0