  -0.0394431
  -0.0918926
 2.68592e-18
     6.60008
  0.00597405
-1.10755e-17
-6.80962e-17
     1.97624
           0
           0
  -0.0394196
  -0.0917884
 2.15885e-18
     6.46657
  0.00107074
-3.80728e-18
-6.86364e-17
     1.97599
-9.00341e-18
 -0.00426188
  -0.0393651
  -0.0916798
 1.66521e-18
     6.33303
  0.00121025
-1.38489e-18
-6.99052e-17
     1.97539
-1.21437e-17
 -0.00564149
  -0.0392991
   -0.091529
 1.16105e-18
     6.19947
 8.92363e-05
-5.54287e-19
-7.14328e-17
     1.97467
-1.33161e-17
 -0.00642739
  -0.0392278
  -0.0914736
 6.43641e-19
     6.06585
 9.89065e-05
-2.64285e-19
-7.30604e-17
     1.97389
-1.38107e-17
 -0.00654115
  -0.0391548
  -0.0913587
 1.20404e-19
      5.9322
 0.000286823
-1.76514e-19
-7.47337e-17
     1.97309
-1.40768e-17
 -0.00677432
  -0.0390809
  -0.0912634
-4.16641e-19
     5.79851
-0.000292661
-1.56278e-19
-7.64349e-17
     1.97228
-1.42775e-17
 -0.00677082
  -0.0390057
     -0.0911
 -9.6185e-19
     5.66476
 0.000653303
-1.13834e-19
 -7.8158e-17
     1.97145
-1.44403e-17
 -0.00698872
  -0.0389285
  -0.0910033
 -1.5232e-18
     5.53097
-0.000442263
-1.13544e-19
-7.98991e-17
     1.97061
-1.45773e-17
 -0.00711629
  -0.0388508
  -0.0908968
-2.09826e-18
     5.39714
 0.000420112
-1.16137e-19
-8.16566e-17
     1.96976
-1.47155e-17
 -0.00710287
  -0.0387731
  -0.0907185
-2.68806e-18
     5.26325
-0.000321007
-1.22058e-19
-8.34311e-17
      1.9689
-1.48589e-17
 -0.00716277
  -0.0386945
  -0.0906907
-3.29333e-18
     5.12931
 0.000541763
-1.41735e-19
-8.52237e-17
     1.96803
-1.50177e-17
 -0.00729604
   -0.038614
  -0.0904778
 -3.9053e-18
     4.99532
-0.000173208
-8.14434e-20
-8.70339e-17
     1.96714
-1.51519e-17
 -0.00751862
  -0.0385323
  -0.0903496
-4.53182e-18
     4.86129
  0.00017793
-1.22523e-19
-8.88594e-17
     1.96624
-1.52744e-17
 -0.00752145
  -0.0384504
  -0.0902267
-5.17335e-18
     4.72721
-7.52194e-05
-1.12288e-19
-9.07008e-17
     1.96533
-1.54155e-17
 -0.00758346
  -0.0383681
  -0.0900138
-5.83527e-18
     4.59308
 0.000167682
-1.23322e-19
-9.25592e-17
     1.96442
-1.55571e-17
 -0.00763926
  -0.0382843
  -0.0899758
 -6.5055e-18
      4.4589
 0.000176836
-1.21016e-19
-9.44348e-17
     1.96349
-1.57039e-17
 -0.00784715
  -0.0381997
  -0.0897431
 -7.1815e-18
     4.32468
-0.000253188
-7.63942e-20
-9.63264e-17
     1.96255
-1.58223e-17
  -0.0078011
  -0.0381144
  -0.0896649
-7.88363e-18
     4.19038
 0.000639101
 -1.3052e-19
-9.82325e-17
      1.9616
-1.59463e-17
 -0.00803385
  -0.0380279
  -0.0894229
-8.59541e-18
     4.05605
-0.000539539
-1.10704e-19
-1.00155e-16
     1.96063
-1.60911e-17
 -0.00809395
  -0.0379412
  -0.0892857
-9.32211e-18
     3.92165
 0.000610887
-1.03157e-19
-1.02093e-16
     1.95966
-1.62192e-17
 -0.00813692
  -0.0378532
  -0.0891703
-1.00667e-17
     3.78721
-0.000336085
-1.14287e-19
-1.04047e-16
     1.95867
-1.63495e-17
 -0.00830265
  -0.0377642
  -0.0889001
-1.08124e-17
     3.65271
 0.000470055
 -1.0591e-19
-1.06017e-16
     1.95767
-1.64813e-17
 -0.00838337
   -0.037674
  -0.0888318
-1.15893e-17
     3.51814
-4.47986e-05
-5.55187e-20
-1.08001e-16
     1.95665
-1.65777e-17
  -0.0086397
  -0.0375829
  -0.0886119
-1.23763e-17
     3.38354
-0.000148069
-1.61268e-19
-1.09998e-16
     1.95562
-1.67074e-17
 -0.00852348
  -0.0374918
   -0.088409
-1.31768e-17
     3.24887
 0.000334303
-8.51296e-20
-1.12012e-16
     1.95459
-1.68549e-17
 -0.00863566
   -0.037399
  -0.0882205
-1.39841e-17
     3.11414
 7.50416e-05
-7.24283e-20
 -1.1404e-16
     1.95354
-1.69487e-17
 -0.00888227
  -0.0373047
  -0.0881127
-1.48098e-17
     2.97937
 1.82745e-05
-1.31708e-19
-1.16081e-16
     1.95247
-1.70706e-17
 -0.00893848
  -0.0372109
  -0.0878124
-1.56591e-17
     2.84454
-0.000149907
-6.63933e-20
-1.18137e-16
      1.9514
-1.71888e-17
 -0.00885922
   -0.037117
  -0.0876117
-1.65076e-17
     2.70965
 0.000456856
-1.22086e-19
-1.20206e-16
     1.95033
-1.73011e-17
   -0.009044
  -0.0370207
  -0.0875265
-1.73837e-17
     2.57469
-8.68893e-05
-7.31898e-20
-1.22289e-16
     1.94923
-1.74175e-17
 -0.00926675
  -0.0369229
  -0.0872193
-1.82667e-17
     2.43968
 0.000229479
-8.90823e-20
-1.24385e-16
     1.94811
-1.75138e-17
 -0.00935256
   -0.036825
  -0.0870327
-1.91741e-17
     2.30461
-0.000163212
-8.24451e-20
-1.26493e-16
     1.94699
-1.76157e-17
 -0.00939246
  -0.0367261
  -0.0868474
-2.00841e-17
     2.16949
 0.000393616
-6.58226e-20
-1.28612e-16
     1.94585
-1.77036e-17
 -0.00953106
  -0.0366261
  -0.0865836
-2.10182e-17
     2.03431
-0.000135353
 1.08536e-20
-1.30738e-16
      1.9447
-1.77352e-17
 -0.00968646
   -0.036526
  -0.0863902
-2.19736e-17
     1.89906
 3.38416e-05
 -6.5309e-20
-1.32869e-16
     1.94354
-1.77665e-17
 -0.00962539
   -0.036426
  -0.0861598
-2.29328e-17
     1.76374
  0.00011692
 1.20973e-19
-1.34998e-16
     1.94238
-1.77315e-17
 -0.00971605
  -0.0363253
  -0.0859232
 -2.3918e-17
     1.62837
-1.83319e-05
  9.6271e-20
-1.37118e-16
     1.94121
-1.75993e-17
 -0.00977534
  -0.0362251
  -0.0856636
-2.49021e-17
     1.49295
-9.40115e-05
 2.37563e-19
-1.39218e-16
     1.94004
-1.73971e-17
  -0.0097078
  -0.0361267
   -0.085448
-2.59108e-17
     1.35745
-0.000248602
 4.70708e-19
 -1.4128e-16
     1.93889
-1.69698e-17
 -0.00950187
  -0.0360304
  -0.0852151
-2.69381e-17
     1.22189
-9.86546e-05
 5.74196e-19
-1.43279e-16
     1.93776
-1.63403e-17
 -0.00929317
  -0.0359385
  -0.0849163
-2.79743e-17
     1.08627
-0.000837265
 9.60656e-19
-1.45184e-16
     1.93668
-1.54167e-17
 -0.00873083
   -0.035853
  -0.0846847
-2.90363e-17
    0.950612
-0.000237402
 1.16794e-18
-1.46957e-16
     1.93567
-1.41366e-17
 -0.00808516
  -0.0357754
  -0.0844046
-3.01157e-17
    0.814908
 -0.00117288
 1.65502e-18
-1.48552e-16
     1.93475
-1.24399e-17
 -0.00723809
  -0.0357089
  -0.0840968
-3.12054e-17
     0.67916
-0.000985318
 1.85298e-18
-1.49918e-16
     1.93396
-1.03323e-17
 -0.00594192
  -0.0356557
  -0.0838777
-3.23086e-17
    0.543371
 -0.00129507
 2.26432e-18
 -1.5101e-16
     1.93333
-7.85953e-18
 -0.00457262
  -0.0356171
  -0.0835764
-3.34359e-17
    0.407549
 -0.00120413
 2.14209e-18
-1.51794e-16
     1.93287
-5.21376e-18
 -0.00307216
  -0.0355937
  -0.0832295
-3.45782e-17
    0.271705
 -0.00124391
 2.03297e-18
-1.52269e-16
     1.93259
-2.70748e-18
 -0.00160268
  -0.0355835
  -0.0829677
-3.57236e-17
    0.135851
-0.000713249
 1.23912e-18
-1.52476e-16
     1.93247
-7.43617e-19
-0.000428032
  -0.0355811
  -0.0826534
-3.68632e-17
           0
          -0
           0
-1.52521e-16
     1.93245
           0
           0