           0
           0
           0
           0
           0
 2.75242e-08
 9.25727e-08
 1.89556e-26
-2.11589e-37
 2.41743e-18
-2.10666e-09
-2.56132e-06
 2.11897e-24
-5.14279e-39
-3.01544e-19
 8.06442e-08
 1.75204e-07
 3.14813e-26
 1.30386e-35
-9.92596e-18
-2.08087e-09
-2.56849e-06
 2.13839e-24
  4.4081e-39
-2.15146e-19
 1.27749e-07
 4.60915e-07
 2.38354e-26
 1.05926e-35
 1.46097e-17
-1.96051e-09
-2.58171e-06
 2.17419e-24
-5.14279e-39
-8.63974e-20
 1.65148e-07
 4.57551e-07
 5.71934e-26
-1.12127e-36
-5.24795e-18
 -1.7242e-09
-2.54241e-06
 2.21703e-24
 1.83671e-38
 3.20178e-19
 1.90561e-07
-1.15955e-08
 7.69591e-26
 4.46066e-36
-5.54717e-18
-1.36125e-09
 -2.5222e-06
 2.26272e-24
-2.93874e-39
-1.67713e-19
 2.01971e-07
 2.64541e-07
 8.60286e-26
 4.73387e-36
 9.21425e-18
-8.69085e-10
-2.50085e-06
 2.30348e-24
-2.35099e-38
 2.65968e-19
 1.98028e-07
 5.00446e-07
 1.21341e-25
 1.35916e-35
-9.30201e-19
-2.62341e-10
-2.44413e-06
 2.34032e-24
 1.76324e-38
 -5.5396e-19
 1.79388e-07
 2.01248e-07
 1.27492e-25
 1.32928e-35
-7.58544e-18
 4.47426e-10
-2.44971e-06
 2.38452e-24
 1.76324e-38
 3.25261e-19
 1.46912e-07
 2.31523e-07
 1.35665e-25
-1.24994e-36
 1.37563e-18
 1.24899e-09
-2.44566e-06
 2.42858e-24
-1.46937e-38
-2.60886e-19
 1.01748e-07
 3.09971e-07
  1.8215e-25
 2.78477e-36
 9.54416e-18
 2.11884e-09
-2.39596e-06
 2.46898e-24
 8.81621e-39
 3.01544e-19
 4.69822e-08
 2.70147e-07
 1.74324e-25
 5.29048e-36
 -1.2964e-17
 3.03697e-09
-2.37557e-06
  2.5111e-24
  4.4081e-39
 -4.0827e-19
-1.28861e-08
  3.0695e-07
 1.90048e-25
-4.79897e-36
 9.76004e-18
 3.97451e-09
-2.35297e-06
 2.54836e-24
-2.86527e-38
 4.76033e-19
-7.29202e-08
 3.11361e-07
 2.65042e-25
-7.29169e-36
 -4.7121e-18
 4.87537e-09
-2.32301e-06
 2.58822e-24
 1.02856e-38
-3.38813e-21
-1.28647e-07
   1.523e-07
 2.32337e-25
 4.58931e-37
-6.89456e-18
 5.64313e-09
-2.28974e-06
 2.63795e-24
 7.34684e-39
-2.18535e-19
-1.77034e-07
 1.64028e-07
 2.23619e-25
 1.48966e-35
 3.24351e-17
 6.14017e-09
-2.27092e-06
 2.67667e-24
  1.3959e-38
 8.80914e-20
-2.16129e-07
 4.99272e-07
  3.3003e-25
 1.02958e-36
 -3.0736e-17
 6.24216e-09
-2.28252e-06
 2.70356e-24
-1.32243e-38
 1.38913e-19
-2.42776e-07
 2.69868e-07
 3.32199e-25
-1.07139e-35
-1.02699e-17
 5.90493e-09
-2.24747e-06
 2.74815e-24
-6.61216e-39
-1.89735e-19
-2.51822e-07
 9.47092e-09
 2.89588e-25
 1.29054e-35
 2.76079e-17
 5.21057e-09
-2.19424e-06
 2.80003e-24
-1.76324e-38
 3.40507e-19
-2.37735e-07
   4.362e-07
 3.54669e-25
 3.41704e-36
-1.33005e-17
 4.36747e-09
-2.18186e-06
 2.82797e-24
 1.91018e-38
 -2.9985e-19
-1.95375e-07
  3.2058e-07
  4.2054e-25
 -1.0934e-35
 5.26328e-18
 3.63407e-09
-2.17005e-06
 2.85843e-24
-2.20405e-39
 1.52466e-20
-1.22291e-07
 2.47148e-08
 3.94571e-25
 4.39835e-36
-7.96661e-19
 3.21214e-09
-2.16039e-06
 2.91233e-24
-3.08567e-38
  2.4564e-19
-2.17099e-08
 4.05897e-07
 3.75132e-25
 2.61486e-36
-1.18388e-17
 3.14585e-09
-2.13115e-06
 2.95183e-24
 1.46937e-39
-5.94617e-19
 9.92699e-08
 3.86781e-07
 4.56636e-25
-2.88571e-36
 1.72104e-17
  3.2599e-09
-2.07921e-06
 2.97382e-24
 3.67342e-39
 5.09914e-19
 2.32589e-07
-1.76508e-08
 5.02925e-25
 8.80308e-36
 4.08865e-18
 3.18815e-09
-2.08173e-06
 3.01259e-24
 8.00806e-38
-3.72694e-20
 3.69184e-07
 2.57635e-07
  4.8246e-25
 6.17473e-36
-1.27699e-17
 2.49753e-09
-2.10314e-06
 3.06343e-24
-6.17135e-38
-4.84503e-19
 4.98116e-07
 5.39145e-07
  5.0656e-25
 -3.5079e-36
-2.48488e-18
  9.0801e-10
-2.05643e-06
 3.10289e-24
 5.14279e-39
 3.89635e-20
 6.04055e-07
 8.98243e-08
 5.36804e-25
-2.09357e-36
 -5.4176e-18
-1.44272e-09
-1.97751e-06
 3.12696e-24
-3.37955e-38
 2.13452e-19
 6.63669e-07
 1.34936e-07
 5.86309e-25
 2.84783e-35
-2.31517e-17
-3.86552e-09
-1.97043e-06
  3.1566e-24
-2.20405e-39
 5.64124e-19
 6.50191e-07
 5.03978e-07
 6.05881e-25
 2.06276e-35
 2.98027e-17
-5.31355e-09
-2.03094e-06
 3.20608e-24
 6.46522e-38
-4.76033e-19
 5.49218e-07
 1.23974e-07
 5.74729e-25
 1.76034e-35
 4.74607e-17
-4.94952e-09
-1.99539e-06
 3.24915e-24
-2.93874e-39
 1.79571e-19
 3.74116e-07
 9.66731e-08
 6.32277e-25
 4.18208e-35
-1.61743e-17
-2.79811e-09
-1.88538e-06
 3.27249e-24
 -3.0122e-38
  5.0822e-20
 1.69158e-07
  3.1683e-07
 6.77275e-25
 4.70922e-35
-3.27761e-17
 6.33646e-11
-1.90966e-06
 3.30099e-24
 8.81621e-39
-4.43845e-19
-8.08237e-09
 2.25545e-07
  7.0037e-25
 5.54037e-35
-2.29857e-17
 2.08024e-09
-1.95403e-06
 3.34042e-24
-3.30608e-38
 1.91429e-19
 -1.1953e-07
 3.44788e-07
 7.43185e-25
 2.51697e-35
 1.47822e-17
 2.24649e-09
-1.87487e-06
 3.37986e-24
-6.61216e-39
 4.45539e-19
-1.66672e-07
 1.00573e-07
 6.85332e-25
 1.54829e-35
 2.38473e-17
 7.81539e-10
-1.84987e-06
  3.4156e-24
 2.20405e-38
-2.94767e-19
-1.80132e-07
 1.11473e-07
 7.37397e-25
 2.44622e-35
 1.25579e-18
-1.18746e-09
-1.86524e-06
 3.44094e-24
-1.98365e-38
 1.77877e-19
-1.89161e-07
 4.50383e-07
 8.74578e-25
 2.14565e-35
-2.48215e-17
-2.63492e-09
-1.82013e-06
 3.46655e-24
 8.08152e-38
 1.15196e-19
-1.99052e-07
 1.73107e-07
 8.28769e-25
 4.42932e-36
 1.37759e-17
-3.31969e-09
-1.80366e-06
 3.50716e-24
 -8.3754e-38
-5.03985e-19
-1.97706e-07
 1.90104e-07
 8.04765e-25
-7.30055e-36
 7.19157e-18
-3.60445e-09
-1.77966e-06
 3.54098e-24
  4.1877e-38
-1.87194e-19
-1.76309e-07
 1.91815e-07
 8.75924e-25
 3.51951e-35
-3.19569e-17
-3.82575e-09
-1.75794e-06
 3.56064e-24
-2.71833e-38
 4.04882e-19
-1.37842e-07
 1.18365e-07
 9.20103e-25
 3.22873e-35
 3.25022e-17
-3.97666e-09
-1.79036e-06
 3.59354e-24
 6.68562e-38
 1.27055e-20
 -9.0509e-08
 4.30589e-07
 9.58161e-25
-6.62474e-36
 1.25784e-18
-3.92057e-09
 -1.7619e-06
 3.62781e-24
-1.76324e-38
-3.64224e-20
-3.87015e-08
 1.86117e-07
 9.66908e-25
  3.4757e-36
-1.66028e-17
-3.64944e-09
 -1.7019e-06
 3.63964e-24
-5.06932e-38
-3.15096e-19
   1.646e-08
  1.2607e-07
 9.80704e-25
 5.12433e-36
 6.54344e-18
-3.25251e-09
-1.69383e-06
 3.65667e-24
 1.35917e-38
 1.18585e-20
 7.18302e-08
 2.76187e-07
 1.00176e-24
 1.52257e-35
-1.41207e-17
-2.78343e-09
 -1.7285e-06
 3.68889e-24
 4.95912e-38
 4.90432e-19
 1.22253e-07
 7.02863e-08
 1.03623e-24
 4.60929e-35
 2.06719e-17
-2.24116e-09
-1.74399e-06
 3.70193e-24
-7.01623e-38
-2.53263e-19
 1.63123e-07
 2.89514e-07
 1.10006e-24
 3.12002e-35
 1.60174e-18
-1.63312e-09
-1.66253e-06
 3.69562e-24
 2.55303e-38
-8.25857e-20
 1.91643e-07
 2.57091e-07
 1.09802e-24
 5.32144e-35
-1.80442e-17
-9.89428e-10
 -1.6457e-06
 3.69721e-24
-7.53051e-39
 4.99114e-19
 2.06513e-07
 1.61471e-07
 1.13932e-24
 5.12614e-35
 5.32921e-18
-3.31322e-10
-1.76115e-06
 3.70529e-24
 3.75378e-38
-5.64071e-20
           0
           0
           0
           0
           0