           0
           0
 2.11758e-22
           0
           0
-1.83125e-07
 2.30747e-06
 2.19648e-11
 6.48328e-20
 1.01595e-15
-3.41358e-09
 9.26267e-06
 2.11441e-10
-1.58328e-25
-5.80218e-20
-5.48771e-07
 2.25937e-06
-5.45964e-12
  1.2245e-19
-7.07442e-18
-3.50595e-09
 9.35173e-06
 2.20465e-10
  4.3944e-25
 4.10811e-20
 -9.1324e-07
 2.41356e-07
-2.52302e-10
 8.43079e-20
-3.06084e-16
-3.68732e-09
 9.46259e-06
 2.39659e-10
-2.06795e-25
 7.24213e-20
-1.27626e-06
-1.78074e-06
-4.23937e-10
-1.09118e-19
 9.34894e-16
-3.95704e-09
 9.58072e-06
 2.62128e-10
-1.03398e-25
-1.30443e-19
-1.63629e-06
-1.62688e-06
-2.62069e-10
-2.97302e-19
 2.35259e-15
-4.31391e-09
 9.79348e-06
 2.72158e-10
 5.16988e-26
 6.60686e-20
 -1.9907e-06
 4.19268e-07
 9.30604e-11
-2.62929e-19
 1.70346e-15
-4.75598e-09
 1.01798e-05
 2.60696e-10
-2.58494e-25
 9.48677e-20
-2.33748e-06
 2.14936e-06
 2.70134e-10
 8.15377e-20
-1.06229e-15
 -5.2808e-09
 1.06791e-05
 2.39633e-10
 3.61892e-25
  3.7693e-20
-2.67616e-06
 2.06413e-06
 1.08543e-10
 3.98108e-19
-2.94818e-15
-5.88578e-09
 1.11243e-05
  2.3335e-10
 1.55096e-25
-2.03288e-19
-3.00684e-06
 6.63585e-07
-2.06487e-10
  1.9924e-19
-1.30317e-15
 -6.5682e-09
 1.14208e-05
  2.5323e-10
 2.58494e-25
  2.6258e-20
  -3.329e-06
-5.91922e-07
-4.09778e-10
-3.69603e-19
 2.29729e-15
-7.32486e-09
 1.16512e-05
 2.84873e-10
 -4.1359e-25
 1.22185e-19
-3.64117e-06
 -7.4568e-07
-4.15187e-10
-7.05826e-19
  3.3485e-15
-8.15197e-09
 1.19692e-05
  3.0455e-10
-5.16988e-26
 3.28225e-20
-3.94152e-06
 1.98152e-07
-3.07115e-10
 -4.5739e-19
 2.41045e-16
-9.04543e-09
 1.24146e-05
 3.05415e-10
           0
-1.13555e-19
-4.22872e-06
 1.43702e-06
-2.08974e-10
 4.22023e-20
-3.10703e-15
 -1.0001e-08
   1.288e-05
 3.01998e-10
 5.16988e-25
 7.05155e-20
-4.50196e-06
 1.81008e-06
-2.03139e-10
 5.14492e-20
-2.18925e-15
-1.10141e-08
 1.32597e-05
 3.09589e-10
-2.06795e-25
 8.72444e-20
-4.76022e-06
 8.78323e-07
-2.74788e-10
-5.58942e-19
 1.97173e-15
-1.20799e-08
 1.35773e-05
 3.25876e-10
-3.10193e-25
-1.92276e-19
-5.00204e-06
-1.13622e-07
-2.84167e-10
-1.15618e-18
 4.22169e-15
-1.31932e-08
 1.39416e-05
 3.36171e-10
-1.18907e-24
 4.31987e-20
-5.22645e-06
  7.7622e-07
-9.82492e-11
-1.16892e-18
 2.01979e-15
-1.43491e-08
 1.44101e-05
 3.32266e-10
 1.75776e-24
 4.65868e-20
-5.43376e-06
 3.62109e-06
 1.81767e-10
 -6.2368e-19
-2.19765e-15
-1.55426e-08
 1.49317e-05
   3.213e-10
-7.23783e-25
-2.03288e-20
-5.62402e-06
  5.8638e-06
 2.35084e-10
-1.11718e-20
-5.06108e-15
-1.67683e-08
 1.54066e-05
  3.1786e-10
-6.20385e-25
 9.31736e-20
-5.79483e-06
  5.0973e-06
-1.17245e-10
 2.13069e-19
-5.19672e-15
-1.80206e-08
 1.57675e-05
  3.3157e-10
 9.82277e-25
-1.35525e-19
-5.94213e-06
 2.06935e-06
 -6.3608e-10
-1.81324e-19
-2.03854e-15
-1.92937e-08
 1.60173e-05
 3.60909e-10
-3.61892e-25
 5.92923e-20
-6.06377e-06
-1.97548e-07
-8.86126e-10
-1.21313e-18
 3.99447e-15
-2.05816e-08
 1.62304e-05
 3.93685e-10
 9.82277e-25
-1.03338e-19
-6.16111e-06
 8.10784e-08
-7.01421e-10
-2.43628e-18
 8.86886e-15
-2.18787e-08
 1.65186e-05
 4.12934e-10
-4.65289e-25
  1.0842e-19
-6.23654e-06
 2.08531e-06
-3.01456e-10
-2.86073e-18
 6.96058e-15
-2.31799e-08
 1.69531e-05
  4.0818e-10
-8.78879e-25
 2.20229e-20
-6.29073e-06
 4.29817e-06
 1.94675e-11
-1.81823e-18
 -1.6491e-15
-2.44807e-08
 1.74947e-05
 3.85407e-10
-3.10193e-25
-1.52466e-20
-6.32303e-06
  6.1228e-06
 1.47262e-10
-1.09257e-19
-9.34344e-15
 -2.5776e-08
 1.80161e-05
 3.64499e-10
 5.16988e-25
-8.80914e-20
-6.33245e-06
 7.22411e-06
 8.83154e-11
  6.5654e-19
-9.33016e-15
-2.70601e-08
 1.84107e-05
 3.63584e-10
 7.23783e-25
-2.71051e-20
 -6.3169e-06
 6.86444e-06
-1.40206e-10
-8.62786e-21
-3.02229e-15
-2.83271e-08
 1.86747e-05
 3.85071e-10
 -4.1359e-25
 8.47033e-20
-6.27264e-06
  4.9406e-06
 -4.5662e-10
-1.21253e-18
 3.46515e-15
-2.95715e-08
 1.88879e-05
 4.16701e-10
 2.06795e-25
-3.38813e-21
-6.19677e-06
 2.78785e-06
-6.84304e-10
-2.06258e-18
 6.88539e-15
-3.07888e-08
 1.91391e-05
 4.43997e-10
 5.16988e-26
 2.71051e-20
-6.09004e-06
 2.00608e-06
-6.95888e-10
-2.39037e-18
 7.55551e-15
-3.19747e-08
 1.94797e-05
 4.60555e-10
-3.61892e-25
-2.03288e-20
-5.95616e-06
 2.93468e-06
-5.31665e-10
-2.40216e-18
 5.80102e-15
 -3.3125e-08
 1.99189e-05
 4.69258e-10
           0
-3.72694e-20
-5.79877e-06
  4.7757e-06
-3.20707e-10
-2.35719e-18
 2.26991e-15
-3.42358e-08
 2.04325e-05
 4.77497e-10
 3.61892e-25
 3.04932e-20
-5.61957e-06
 6.61255e-06
-1.63094e-10
-2.50864e-18
-3.34503e-16
-3.53032e-08
 2.09804e-05
 4.91501e-10
-2.06795e-25
-1.69407e-20
-5.41833e-06
 7.82461e-06
-1.30904e-10
-2.90208e-18
-8.15862e-17
-3.63232e-08
 2.15337e-05
  5.1331e-10
 3.10193e-25
 6.09864e-20
 -5.1933e-06
 8.11795e-06
-2.73343e-10
-3.29404e-18
 1.26998e-15
-3.72919e-08
 2.20893e-05
  5.4223e-10
 3.10193e-25
-5.42101e-20
-4.94238e-06
 7.73809e-06
-5.36298e-10
-3.62589e-18
 1.67975e-15
 -3.8206e-08
  2.2657e-05
 5.78399e-10
-1.86116e-24
 4.74338e-20
-4.66493e-06
 7.32836e-06
-7.57723e-10
-4.39092e-18
 2.57888e-15
-3.90625e-08
 2.32457e-05
 6.23215e-10
 1.55096e-24
-5.75982e-20
-4.36224e-06
 7.25115e-06
-8.31431e-10
-6.04489e-18
 5.34344e-15
-3.98584e-08
 2.38692e-05
 6.76009e-10
-1.44757e-24
 3.38813e-20
-4.03607e-06
 7.34699e-06
-8.23067e-10
-8.28668e-18
 7.37935e-15
-4.05911e-08
 2.45512e-05
 7.32684e-10
 1.65436e-24
-4.74338e-20
-3.68747e-06
 7.48428e-06
-8.52389e-10
-1.04569e-17
 6.22985e-15
-4.12586e-08
 2.53066e-05
 7.88933e-10
-1.03398e-24
-4.74338e-20
-3.31793e-06
 7.90756e-06
-9.14741e-10
-1.24143e-17
 4.11138e-15
-4.18592e-08
 2.61278e-05
 8.42934e-10
-6.20385e-25
 1.35525e-20
-2.93027e-06
 8.82588e-06
-9.06701e-10
-1.43371e-17
 3.57091e-15
 -4.2391e-08
 2.69978e-05
 8.93886e-10
  4.1359e-25
 4.74338e-20
 -2.5272e-06
 9.95811e-06
-8.02868e-10
-1.57535e-17
  2.2166e-15
-4.28524e-08
 2.79042e-05
 9.40488e-10
  4.1359e-25
 2.71051e-20
-2.10888e-06
 1.06756e-05
-7.12154e-10
-1.56079e-17
-3.35973e-15
-4.32422e-08
 2.88235e-05
 9.82788e-10
  4.1359e-25
-3.38813e-20
-1.67266e-06
  1.0491e-05
-7.29915e-10
-1.34753e-17
-1.15901e-14
-4.35597e-08
 2.97012e-05
 1.02327e-09
-2.06795e-24
 1.35525e-20
-1.21587e-06
 9.41249e-06
-7.88887e-10
-1.00331e-17
 -1.8506e-14
-4.38033e-08
 3.04619e-05
 1.06326e-09
 1.44757e-24
-1.69407e-20
-7.39252e-07
 7.90584e-06
-7.09697e-10
-6.30742e-18
-2.40528e-14
-4.39712e-08
 3.10343e-05
 1.09865e-09
 1.75776e-24
 2.03288e-20
-2.48192e-07
  6.4382e-06
-4.00259e-10
 -3.6485e-18
 -3.2899e-14
 -4.4063e-08
 3.13501e-05
 1.12036e-09
-6.20385e-25
-4.23516e-21
-1.11022e-16
           0
-8.47033e-22
           0
           0