    -0.67615
    0.181168
 1.01872e-06
     53.4182
   -0.452285
-1.18853e-05
-1.50665e-06
    0.261791
           0
           0
   -0.676105
    0.177854
 1.10238e-06
     53.3224
   -0.303274
-9.82696e-06
-1.51352e-06
     0.26203
-6.86181e-08
  0.00238786
    -0.67599
    0.174777
 1.19833e-06
     53.2267
   -0.189208
-8.27145e-06
-1.53296e-06
    0.262663
-1.25813e-07
  0.00394429
   -0.675835
    0.171828
 1.30876e-06
      53.131
   -0.100261
-6.98938e-06
-1.56294e-06
    0.263543
-1.74037e-07
  0.00485912
    -0.67566
    0.168922
 1.43308e-06
     53.0354
  -0.0297484
-5.90392e-06
-1.60182e-06
    0.264556
-2.14776e-07
     0.00527
   -0.675481
    0.165959
 1.56558e-06
     52.9399
   0.0263319
-5.07525e-06
-1.64825e-06
    0.265611
-2.49466e-07
   0.0052808
   -0.675309
     0.16283
  1.6982e-06
     52.8443
   0.0707518
-4.52938e-06
-1.70118e-06
    0.266637
-2.79811e-07
  0.00497398
   -0.675154
    0.159459
 1.82751e-06
     52.7487
    0.106214
-4.15265e-06
-1.75988e-06
    0.267576
-3.07242e-07
   0.0044147
   -0.675024
    0.155834
 1.95857e-06
     52.6532
    0.135311
-3.77594e-06
-1.82384e-06
    0.268382
-3.32293e-07
  0.00365139
   -0.674922
    0.151984
 2.10024e-06
     52.5577
    0.159862
-3.32177e-06
-1.89254e-06
    0.269019
-3.54721e-07
  0.00271853
   -0.674852
     0.14791
 2.25618e-06
     52.4622
    0.180671
-2.83222e-06
-1.96543e-06
    0.269455
-3.74168e-07
  0.00164233
   -0.674817
    0.143561
  2.4217e-06
     52.3668
    0.197965
-2.37477e-06
 -2.0419e-06
    0.269664
-3.90624e-07
 0.000445698
   -0.674818
    0.138876
 2.58969e-06
     52.2714
    0.211918
-1.96088e-06
 -2.1214e-06
    0.269624
-4.04326e-07
-0.000849682
   -0.674855
    0.133838
 2.75835e-06
     52.1762
    0.222884
-1.55059e-06
-2.20337e-06
    0.269317
-4.15422e-07
 -0.00222382
   -0.674927
     0.12847
  2.9314e-06
     52.0812
     0.23138
-1.10022e-06
 -2.2873e-06
    0.268728
-4.23795e-07
 -0.00365946
   -0.675032
    0.122786
 3.11152e-06
     51.9863
    0.237863
-6.00567e-07
-2.37259e-06
    0.267848
-4.29161e-07
 -0.00514244
   -0.675167
    0.116762
 3.29583e-06
     51.8918
    0.242325
-9.43811e-08
-2.45864e-06
    0.266668
 -4.3134e-07
 -0.00666001
   -0.675329
    0.110351
 3.47857e-06
     51.7976
    0.244151
 3.43009e-07
-2.54483e-06
    0.265182
-4.30526e-07
 -0.00819745
   -0.675514
    0.103536
 3.65714e-06
     51.7038
    0.242702
 6.75121e-07
-2.63061e-06
    0.263389
-4.27267e-07
 -0.00973608
   -0.675716
   0.0963385
 3.83455e-06
     51.6104
    0.238197
 9.67739e-07
-2.71554e-06
    0.261289
-4.22015e-07
  -0.0112559
    -0.67593
    0.088808
  4.0169e-06
     51.5175
     0.23177
 1.34427e-06
 -2.7992e-06
     0.25889
-4.14629e-07
  -0.0127412
    -0.67615
   0.0809867
 4.20902e-06
     51.4253
    0.224454
  1.8471e-06
-2.88111e-06
    0.256197
-4.04439e-07
   -0.014183
   -0.676371
   0.0728894
 4.41112e-06
     51.3337
    0.216301
 2.35978e-06
-2.96065e-06
    0.253221
-3.91014e-07
  -0.0155759
   -0.676585
   0.0644942
  4.6178e-06
     51.2428
    0.206741
 2.68848e-06
-3.03724e-06
    0.249973
-3.74901e-07
  -0.0169129
   -0.676786
   0.0557577
 4.82039e-06
     51.1527
    0.195587
 2.70211e-06
 -3.1105e-06
    0.246463
-3.57675e-07
  -0.0181844
   -0.676969
   0.0466514
  5.0125e-06
     51.0635
    0.183431
 2.37102e-06
-3.18041e-06
    0.242706
 -3.4142e-07
  -0.0193822
   -0.677126
    0.037193
  5.1951e-06
     50.9751
    0.171339
 1.69761e-06
-3.24738e-06
    0.238718
-3.28306e-07
  -0.0205034
   -0.677251
   0.0274404
 5.37612e-06
     50.8877
    0.160685
 6.51465e-07
-3.31227e-06
    0.234512
-3.20592e-07
  -0.0215527
   -0.677339
   0.0174525
 5.56477e-06
     50.8013
     0.15334
-8.45966e-07
-3.37642e-06
    0.230102
-3.20881e-07
  -0.0225452
   -0.677384
  0.00725363
 5.76592e-06
     50.7159
     0.15165
-2.93779e-06
-3.44176e-06
    0.225497
-3.32477e-07
   -0.023509
   -0.677382
 -0.00317218
 5.97946e-06
     50.6315
    0.157961
-5.62686e-06
-3.51092e-06
    0.220697
-3.59143e-07
  -0.0244875
   -0.677327
  -0.0138656
 6.20346e-06
     50.5481
    0.172592
-8.39863e-06
-3.58714e-06
    0.215695
-4.03025e-07
  -0.0255322
   -0.677213
  -0.0248746
 6.43742e-06
     50.4657
    0.193542
-1.08854e-05
-3.67379e-06
    0.210473
-4.63473e-07
  -0.0266893
   -0.677033
  -0.0362424
 6.68343e-06
     50.3844
    0.218595
-1.31655e-05
-3.77403e-06
    0.205005
-5.38925e-07
  -0.0279918
   -0.676778
  -0.0480013
 6.94564e-06
     50.3041
    0.245846
-1.52548e-05
-3.89073e-06
     0.19926
 -6.2811e-07
  -0.0294596
   -0.676436
   -0.060175
 7.22877e-06
     50.2248
    0.273363
-1.71187e-05
-4.02651e-06
    0.193204
-7.29695e-07
  -0.0311005
   -0.675996
  -0.0727867
 7.53697e-06
     50.1467
     0.29889
-1.86715e-05
-4.18368e-06
    0.186803
-8.41962e-07
   -0.032909
   -0.675444
  -0.0858616
 7.87393e-06
     50.0699
    0.319528
-1.97991e-05
-4.36413e-06
    0.180026
-9.62559e-07
  -0.0348634
   -0.674763
  -0.0994243
 8.24336e-06
     49.9943
    0.331365
-2.03917e-05
-4.56923e-06
    0.172847
-1.08842e-06
  -0.0369204
   -0.673939
   -0.113496
 8.64842e-06
     49.9203
    0.329216
-2.03229e-05
-4.79964e-06
    0.165254
-1.21574e-06
  -0.0390081
   -0.672957
   -0.128092
 9.09044e-06
      49.848
    0.306453
-1.93745e-05
-5.05518e-06
    0.157252
-1.33962e-06
   -0.041017
   -0.671804
   -0.143217
 9.56824e-06
     49.7778
    0.254634
-1.71926e-05
-5.33447e-06
    0.148871
-1.45335e-06
  -0.0427903
   -0.670476
   -0.158848
 1.00786e-05
     49.7101
    0.162889
-1.33159e-05
-5.63458e-06
    0.140181
 -1.5477e-06
  -0.0441098
   -0.668979
    -0.17492
 1.06166e-05
     49.6455
   0.0173046
-7.20395e-06
-5.95038e-06
    0.131302
-1.61026e-06
  -0.0446792
   -0.667339
   -0.191318
 1.11753e-05
     49.5846
   -0.199509
 1.81235e-06
-6.27389e-06
    0.122424
 -1.6249e-06
  -0.0441034
    -0.66561
   -0.207857
 1.17457e-05
     49.5279
   -0.508869
 1.46119e-05
-6.59344e-06
    0.113827
-1.57061e-06
  -0.0418647
   -0.663888
   -0.224256
 1.23169e-05
     49.4758
   -0.936697
 3.23037e-05
-6.89253e-06
    0.105911
-1.42023e-06
  -0.0372962
   -0.662327
   -0.240109
 1.28745e-05
     49.4277
    -1.51438
  5.6181e-05
-7.14845e-06
   0.0992264
-1.13901e-06
    -0.02955
   -0.661154
   -0.254863
 1.33985e-05
     49.3814
    -2.27958
 8.76946e-05
 -7.3307e-06
   0.0945154
 -6.8346e-07
  -0.0175598
   -0.660691
   -0.267778
 1.38598e-05
     49.3312
    -3.27673
 0.000128496
-7.39904e-06
   0.0927594
           0
           0