           0
           0
           0
           0
           0
 8.10951e-10
-1.59034e-07
 1.07054e-19
 8.92228e-28
-1.55062e-17
    7.03e-10
 2.59587e-07
-3.00104e-19
-1.08625e-28
-1.13768e-15
   2.098e-09
 7.01024e-08
 8.84564e-20
  1.1474e-27
 2.04792e-17
 6.42367e-10
 4.96227e-07
-2.93192e-19
 -8.7837e-29
-7.44735e-16
 2.55557e-09
 1.30472e-08
-5.48459e-20
 7.20416e-28
 2.75834e-18
 5.97788e-10
 3.68422e-07
-3.09812e-19
  4.2773e-29
 1.68306e-15
 1.75515e-09
-2.14318e-07
-5.08231e-20
 1.41002e-27
-2.19078e-17
 5.94727e-10
 2.14573e-07
-3.46534e-19
-3.21091e-29
 5.14885e-16
 7.45382e-11
 5.61237e-07
-3.89503e-20
 9.19137e-28
 1.54206e-17
 6.03282e-10
 4.12606e-07
-3.44394e-19
 1.20717e-28
-1.23775e-15
-1.12613e-09
-2.39746e-07
 6.60724e-20
 1.25502e-28
 2.46194e-18
 6.27382e-10
 4.60438e-07
 -3.4106e-19
-3.67036e-29
 1.49195e-15
-6.99073e-10
-4.73171e-07
 2.89501e-20
 3.93087e-28
-1.27374e-17
 7.08876e-10
 3.68165e-07
-3.67437e-19
 3.01061e-30
-5.87117e-16
   1.551e-09
 6.53292e-07
-1.56812e-19
 3.15592e-28
 1.50581e-17
 8.32921e-10
  4.1338e-07
-3.58046e-19
 5.68654e-29
-1.07717e-15
 3.97409e-09
 -3.7916e-07
 4.94386e-20
 2.57041e-29
-1.01348e-17
 8.97461e-10
 4.28851e-07
-3.53961e-19
 3.29661e-29
-8.28356e-18
  4.5066e-09
 5.76169e-09
 1.84171e-19
-1.49034e-28
 3.02956e-18
 8.49979e-10
  4.3111e-07
-4.06047e-19
-2.82265e-28
 1.54207e-16
 2.32485e-09
 1.95003e-07
 3.34644e-20
 4.11268e-30
 6.41352e-18
  7.6493e-10
 3.76799e-07
-4.35138e-19
 -1.3514e-28
  1.5285e-16
-1.20971e-09
-5.89846e-07
-1.19284e-19
 5.10485e-28
-1.69646e-17
 7.13323e-10
 3.39119e-07
-4.11265e-19
 2.31808e-28
 8.50996e-16
-2.88026e-09
 5.89684e-07
-1.74686e-19
 4.07921e-28
 7.14816e-18
 6.61263e-10
 5.19437e-07
-3.77522e-19
 1.03519e-28
-1.39998e-15
-2.47378e-09
 4.63733e-08
 1.36913e-19
 6.86951e-29
 7.24074e-18
 5.46473e-10
 6.25425e-07
 -3.8005e-19
-8.91748e-29
 5.10291e-17
-2.27288e-09
-5.84007e-07
 1.79667e-19
 1.42548e-28
-5.12144e-19
 3.85553e-10
 4.72968e-07
-4.47583e-19
-9.72468e-29
 6.29066e-17
-2.93352e-09
 2.11422e-07
-1.74123e-19
 1.92987e-28
-2.90878e-18
 2.58367e-10
 3.60584e-07
-4.98949e-19
-1.76334e-28
 8.68779e-16
-4.23909e-09
 3.19427e-07
 -1.6667e-19
 1.99125e-28
 1.22216e-18
 2.32859e-10
 4.84404e-07
-4.58503e-19
  2.4385e-28
-8.90285e-16
-4.85401e-09
-1.16644e-07
 5.46103e-20
 2.37945e-28
 3.25692e-18
 3.21278e-10
 5.86667e-07
-4.02804e-19
-9.74359e-29
 6.58504e-16
-3.37611e-09
-3.22531e-07
 1.07287e-19
 1.59965e-28
-3.92801e-18
 4.82459e-10
 5.02529e-07
-4.47413e-19
-1.10176e-28
 8.83625e-18
-1.64245e-09
 1.07952e-07
 2.56164e-20
 3.95574e-29
 -3.5392e-18
 6.45824e-10
 4.78241e-07
-5.37487e-19
 5.76924e-29
 8.14654e-16
-2.44066e-09
 2.79681e-08
-2.82475e-20
 4.79883e-29
 5.40778e-19
 7.22197e-10
 5.97861e-07
-5.13503e-19
-3.42384e-29
-1.63075e-15
-4.51326e-09
 8.82295e-08
-1.50019e-19
 5.07669e-28
 1.36217e-17
 6.82717e-10
 5.82008e-07
-4.71714e-19
-4.31146e-29
 1.98424e-15
-4.70833e-09
-1.26158e-07
-3.51277e-20
 7.49121e-28
 -1.4625e-17
  5.9872e-10
 4.55176e-07
-5.36395e-19
 2.06754e-28
-1.75327e-16
-3.36137e-09
-2.03359e-07
 1.72282e-19
 5.90066e-28
-2.79253e-18
 5.31482e-10
 6.11753e-07
-5.53587e-19
-1.63048e-28
-1.19194e-15
-3.06359e-09
 3.00404e-07
-1.92603e-19
 1.92794e-27
 2.12719e-17
 4.75995e-10
 6.85936e-07
-5.08175e-19
 1.09349e-28
 1.01452e-15
-4.00325e-09
-2.05659e-07
-1.05836e-19
   2.626e-27
-2.11653e-17
 4.15254e-10
 5.25007e-07
-5.30915e-19
 2.17168e-30
-2.49121e-16
-3.51775e-09
-5.01432e-08
 2.16201e-19
 1.01194e-27
 8.28611e-18
 3.72618e-10
 6.53795e-07
-5.81096e-19
-1.32221e-28
-3.04612e-16
 -1.5798e-09
 1.94811e-07
-2.20899e-19
  9.9911e-28
  6.7486e-18
 3.76729e-10
 6.33364e-07
-5.85998e-19
 -1.3969e-28
-1.40148e-15
-1.36788e-09
-1.79458e-07
-8.73276e-20
 3.25564e-27
-2.23892e-17
 4.07988e-10
  5.2634e-07
 -5.6935e-19
 5.79259e-28
 7.57879e-16
-3.04344e-09
-1.66008e-08
 2.12499e-19
  2.8269e-27
 2.28063e-17
 4.32053e-10
  7.4139e-07
-5.90886e-19
-3.96669e-28
 5.07516e-16
-4.41223e-09
-1.34553e-08
-1.77931e-19
 8.21821e-28
-1.57676e-18
 4.27713e-10
 6.50672e-07
 -6.3811e-19
 -7.1197e-29
 2.71333e-16
-5.02973e-09
-3.49951e-07
-2.55919e-20
 1.86005e-27
-1.77063e-17
 3.98373e-10
   5.741e-07
-6.31685e-19
 3.33494e-28
  -1.677e-15
-5.24314e-09
-7.07644e-08
 1.52931e-19
 2.35987e-27
 1.74633e-17
 3.56088e-10
 7.92257e-07
-5.91809e-19
 -2.9961e-28
 2.81794e-15
-4.53266e-09
 6.01659e-07
-2.36731e-19
 7.10782e-28
 -1.4128e-18
 2.78986e-10
 7.07124e-07
 -6.1013e-19
-2.21859e-29
 -6.2486e-16
-2.79007e-09
-8.16742e-08
-1.75641e-19
 2.45366e-28
-6.46659e-18
 1.69738e-10
 6.36364e-07
-6.64631e-19
 4.00057e-28
 1.02903e-16
 -1.3576e-09
-7.55118e-07
  1.8018e-19
 4.71618e-28
 2.87248e-18
 1.00135e-10
 7.35913e-07
-6.82051e-19
-2.03517e-29
-1.17516e-15
-1.30008e-09
 1.61433e-08
 6.09379e-21
 4.98553e-28
-3.87588e-18
  1.2625e-10
 7.61479e-07
-6.68625e-19
-4.79376e-28
  1.2425e-15
-1.52232e-09
 7.96106e-07
-2.95415e-19
  3.9048e-28
 7.24732e-18
 2.16396e-10
 8.16842e-07
-6.68055e-19
 4.69427e-28
-2.76555e-15
-7.20206e-10
 -4.2087e-07
 8.68791e-20
 2.10205e-28
-2.10308e-19
 2.75058e-10
 7.37483e-07
-6.89787e-19
-5.33779e-28
-2.67531e-15
 1.84171e-10
 -8.3433e-07
 1.45467e-19
 7.78142e-28
-8.12927e-18
 2.53286e-10
 7.02253e-07
-6.87621e-19
 4.74832e-28
  3.5335e-15
 2.02527e-10
 9.52025e-07
-3.35207e-19
 1.05732e-27
 7.01783e-18
 2.04077e-10
 8.14978e-07
-6.99858e-19
-1.11184e-28
 1.79499e-15
-1.12751e-09
 -4.9142e-07
 5.72575e-20
 3.09887e-28
-3.44602e-18
 1.72801e-10
 7.63197e-07
-7.59101e-19
 1.86007e-28
-2.22825e-15
-3.79358e-09
-6.40732e-07
  1.6139e-19
 1.68323e-29
 -7.0759e-19
 1.51511e-10
 8.03518e-07
-7.53451e-19
-2.12571e-28
 1.85459e-15
-6.23691e-09
 1.13164e-06
-3.73703e-19
 1.02395e-27
  4.4691e-18
 1.42299e-10
 8.25628e-07
-7.36027e-19
 1.59095e-28
-8.44337e-16
-6.70855e-09
-7.56776e-07
-5.66709e-20
  2.1418e-27
-8.94689e-18
 1.58202e-10
 7.53331e-07
-7.52124e-19
-3.09035e-29
 1.85703e-15
-3.55459e-09
-3.33715e-07
 1.80963e-19
 1.32035e-27
 1.02967e-17
 2.00509e-10
 9.09093e-07
-7.29165e-19
-1.78674e-29
-3.00587e-15
  1.8752e-09
 7.78994e-07
-1.58245e-19
 5.47109e-28
 2.14278e-18
 2.31206e-10
 8.44372e-07
-7.68695e-19
-1.00524e-28
 1.72163e-15
 4.90436e-09
-7.78472e-07
-1.91102e-19
 1.44155e-27
-1.18886e-17
  1.9087e-10
 7.04119e-07
 -8.0786e-19
 2.23899e-28
 3.10018e-16
 4.84402e-09
 1.47707e-07
 1.67886e-20
 1.00198e-27
 3.40153e-18
 7.34386e-11
 9.40613e-07
-7.35048e-19
-5.09702e-28
 8.88018e-16
           0
           0
           0
           0
           0