-3.94681e-26
           0
       1e-13
      6.6003
 -0.00525893
-4.73488e-15
 3.94681e-13
     1.16538
           0
           0
-2.92721e-07
 -9.6713e-05
 9.98869e-14
     6.46679
 -0.00177486
-1.64525e-15
 3.94449e-13
     1.16563
-3.86014e-15
  0.00425516
 -6.6115e-07
-0.000284674
 9.97776e-14
     6.33326
-0.000679258
-6.21905e-16
 3.93903e-13
     1.16623
-5.23266e-15
  0.00573954
-1.14388e-06
-0.000419827
 9.96613e-14
     6.19969
-0.000277876
-2.65652e-16
 3.93243e-13
     1.16695
-5.77113e-15
  0.00631838
-1.71706e-06
-0.000502944
 9.95312e-14
     6.06608
-7.31669e-05
-1.36842e-16
 3.92536e-13
     1.16773
-6.01644e-15
  0.00653064
-2.39789e-06
-0.000659036
 9.94019e-14
     5.93243
-0.000222812
 -6.8552e-17
 3.91806e-13
     1.16852
-6.14268e-15
  0.00670956
-3.24024e-06
-0.000825364
 9.92731e-14
     5.79873
-7.70336e-05
-8.22135e-17
 3.91064e-13
     1.16934
-6.23597e-15
   0.0068908
 -4.2585e-06
 -0.00096963
  9.9136e-14
     5.66499
 3.50002e-05
-9.47868e-17
 3.90309e-13
     1.17016
-6.34517e-15
  0.00691621
-5.45395e-06
 -0.00112341
 9.90014e-14
     5.53119
-0.000178566
-3.63916e-17
 3.89542e-13
       1.171
-6.42671e-15
  0.00700295
-6.81362e-06
 -0.00128049
 9.88671e-14
     5.39735
-4.26868e-05
-4.66494e-17
 3.88768e-13
     1.17185
-6.47921e-15
  0.00713662
-8.30298e-06
 -0.00144808
 9.87149e-14
     5.26346
-9.60661e-05
-1.02507e-16
 3.87985e-13
     1.17271
 -6.5717e-15
  0.00722043
-9.90494e-06
 -0.00158371
 9.85515e-14
     5.12953
-0.000150715
-1.13849e-16
 3.87188e-13
     1.17358
-6.70484e-15
  0.00736946
-1.16242e-05
 -0.00171334
 9.83972e-14
     4.99554
 4.95696e-05
 -7.8283e-17
 3.86377e-13
     1.17447
-6.82339e-15
  0.00743054
-1.34876e-05
 -0.00191116
 9.82548e-14
     4.86151
-0.000115612
-1.41858e-17
 3.85554e-13
     1.17537
-6.88179e-15
  0.00747041
 -1.5529e-05
 -0.00214008
 9.81102e-14
     4.72743
-0.000147892
-5.65943e-17
 3.84726e-13
     1.17627
-6.92715e-15
  0.00762946
-1.77271e-05
 -0.00231964
 9.79427e-14
     4.59329
 1.69515e-05
 -1.3393e-16
 3.83888e-13
     1.17719
-7.04484e-15
   0.0077085
-2.00354e-05
 -0.00245666
 9.77556e-14
     4.45911
-5.45497e-05
 -8.5011e-17
 3.83034e-13
     1.17812
 -7.1797e-15
  0.00773118
-2.25052e-05
 -0.00263749
 9.75819e-14
     4.32487
-0.000170157
-3.48224e-17
 3.82168e-13
     1.17906
 -7.2548e-15
  0.00786674
-2.52515e-05
 -0.00285539
 9.74295e-14
     4.19058
-0.000105343
-5.69307e-17
 3.81294e-13
     1.18001
-7.31304e-15
  0.00803293
-2.83016e-05
 -0.00304531
 9.72607e-14
     4.05624
-3.23802e-05
-8.90418e-17
 3.80411e-13
     1.18098
-7.40405e-15
    0.008116
-3.16076e-05
 -0.00322499
 9.70583e-14
     3.92184
-6.32298e-05
-9.96073e-17
 3.79515e-13
     1.18196
-7.52084e-15
  0.00817365
-3.51559e-05
 -0.00344874
 9.68648e-14
     3.78739
-8.45879e-05
 -8.6861e-17
 3.78606e-13
     1.18294
-7.63633e-15
  0.00826277
-3.89615e-05
 -0.00366747
 9.66868e-14
     3.65289
-0.000138546
-5.52598e-17
 3.77684e-13
     1.18394
-7.72516e-15
  0.00839728
 -4.2999e-05
 -0.00383606
 9.64833e-14
     3.51833
-5.55803e-05
-6.05126e-17
 3.76753e-13
     1.18496
-7.79817e-15
  0.00851429
-4.72564e-05
 -0.00406834
 9.62744e-14
     3.38372
 -4.5238e-05
-1.11588e-16
 3.75811e-13
     1.18598
-7.90517e-15
  0.00857504
-5.17745e-05
  -0.0043238
 9.60838e-14
     3.24905
-0.000117348
-6.29924e-17
 3.74856e-13
     1.18702
-8.01371e-15
    0.008673
-5.65565e-05
 -0.00452021
  9.5881e-14
     3.11432
-4.17993e-05
 -4.1988e-17
  3.7389e-13
     1.18806
-8.08037e-15
  0.00876887
-6.16166e-05
 -0.00476736
 9.56618e-14
     2.97954
-0.000105023
-1.24189e-16
 3.72914e-13
     1.18912
-8.18394e-15
   0.0088573
-6.69971e-05
 -0.00500245
 9.54418e-14
      2.8447
-0.000115818
-6.57925e-17
 3.71925e-13
     1.19019
-8.30191e-15
  0.00899029
-7.26879e-05
 -0.00520138
  9.5224e-14
      2.7098
-8.90777e-05
-3.86022e-17
 3.70925e-13
     1.19128
-8.36842e-15
  0.00911366
-7.87249e-05
 -0.00547858
 9.50011e-14
     2.57484
-0.000135325
-1.17307e-16
 3.69915e-13
     1.19238
-8.46602e-15
  0.00924875
-8.51423e-05
 -0.00572205
 9.47607e-14
     2.43983
-8.81886e-05
-7.05791e-17
 3.68892e-13
      1.1935
-8.58296e-15
  0.00938328
 -9.1877e-05
 -0.00593725
 9.45197e-14
     2.30476
-1.76204e-05
-6.55671e-17
 3.67857e-13
     1.19463
-8.66881e-15
  0.00944696
-9.89119e-05
 -0.00623532
 9.42963e-14
     2.16962
  4.0187e-06
-1.26779e-16
 3.66809e-13
     1.19576
-8.78847e-15
  0.00945515
-0.000106283
  -0.0065019
 9.40659e-14
     2.03443
-0.000163499
-6.01377e-17
 3.65748e-13
      1.1969
 -8.9049e-15
  0.00955108
-0.000114029
 -0.00673667
 9.38128e-14
     1.89917
-0.000193306
 8.12902e-18
 3.64677e-13
     1.19806
-8.94027e-15
  0.00976569
-0.000122148
 -0.00701192
 9.35535e-14
     1.76385
 0.000126524
-4.00893e-17
 3.63603e-13
     1.19923
-8.96367e-15
  0.00980587
 -0.00013054
 -0.00730197
 9.33015e-14
     1.62847
 0.000167993
-1.59264e-17
 3.62525e-13
      1.2004
-9.00147e-15
  0.00962878
-0.000139223
  -0.0076081
  9.3048e-14
     1.49303
-0.000133739
 1.32607e-16
 3.61449e-13
     1.20156
-8.93535e-15
  0.00960818
-0.000148254
 -0.00787704
 9.27841e-14
     1.35753
 0.000140328
 1.52612e-16
 3.60386e-13
     1.20271
-8.76791e-15
  0.00960423
-0.000157401
 -0.00814695
 9.25252e-14
     1.22197
 0.000488184
  2.1042e-16
 3.59347e-13
     1.20384
-8.55356e-15
  0.00922652
-0.000166429
 -0.00845401
   9.226e-14
     1.08635
 0.000283209
 4.70397e-16
 3.58345e-13
     1.20492
-8.14797e-15
    0.008763
-0.000175215
 -0.00873069
   9.197e-14
    0.950684
 0.000688461
  6.0561e-16
 3.57406e-13
     1.20593
-7.50462e-15
  0.00817926
-0.000183418
 -0.00904179
 9.16868e-14
    0.814965
  0.00104348
 7.45812e-16
 3.56554e-13
     1.20685
-6.69539e-15
  0.00713894
 -0.00019069
 -0.00934867
 9.14087e-14
    0.679202
  0.00088579
 1.04354e-15
 3.55815e-13
     1.20764
-5.62261e-15
  0.00598026
-0.000196805
 -0.00962502
 9.11228e-14
    0.543403
  0.00130364
  1.1968e-15
 3.55221e-13
     1.20828
-4.27858e-15
  0.00466559
-0.000201415
 -0.00997431
 9.08486e-14
    0.407575
  0.00140447
 1.17677e-15
 3.54793e-13
     1.20874
-2.85421e-15
  0.00303972
-0.000204317
  -0.0102867
   9.056e-14
    0.271725
  0.00101722
 1.05377e-15
  3.5453e-13
     1.20902
-1.51554e-15
  0.00158603
-0.000205677
  -0.0105485
 9.02566e-14
    0.135865
 0.000812735
 7.35784e-16
 3.54413e-13
     1.20914
-4.41551e-16
 0.000487735
 -0.00020601
  -0.0109074
 8.99796e-14
           0
           0
           0
 3.54387e-13
     1.20917
           0
           0