           0
           0
           0
           0
           0
 1.74909e-09
 6.28837e-08
 2.94714e-18
-2.33201e-30
  1.3886e-19
 -3.6223e-11
 1.47152e-07
 -5.3708e-18
 4.95289e-29
-1.24042e-14
 4.36936e-09
 8.22149e-07
 5.95657e-18
-8.10199e-30
-1.62246e-18
-6.48011e-11
 1.94085e-07
 -5.2832e-18
-3.52856e-29
 2.30412e-14
 4.53772e-09
 6.02268e-07
 3.56899e-18
 -6.5187e-30
 5.80575e-19
-6.58285e-11
 2.75332e-08
-4.98601e-18
 2.00428e-29
 -2.1606e-14
 2.14706e-09
-7.19551e-07
-6.40621e-19
-2.82202e-30
 1.76031e-18
-1.13445e-11
 4.62104e-09
-4.84109e-18
-2.33502e-29
  5.0049e-16
-4.90166e-10
-2.72854e-07
 -2.3234e-18
-7.31008e-30
  8.4429e-19
 4.45187e-11
 9.87645e-08
-5.23505e-18
-8.76876e-30
 1.23502e-14
-1.10753e-09
 1.53515e-07
-1.61611e-18
 -1.0965e-29
-5.77475e-20
 4.17205e-11
 2.93306e-08
-5.73886e-18
 3.17798e-29
 7.83412e-15
-4.44333e-10
-5.84443e-07
-2.31422e-19
-4.15158e-30
 -5.3413e-19
 8.97942e-12
 1.17251e-07
-5.61185e-18
 1.72039e-29
-2.86093e-15
-3.63482e-10
 2.02678e-07
 1.08254e-18
-7.64462e-30
-2.03877e-19
 3.95559e-12
 2.61453e-07
-4.95041e-18
-2.02715e-29
-5.25203e-15
 -7.0871e-10
 7.69093e-07
 1.37918e-18
-6.53268e-30
-1.87148e-19
 1.60957e-11
 1.96174e-07
 -4.6672e-18
-1.31531e-30
-8.68178e-15
-6.43371e-10
-8.56588e-07
   7.866e-19
 1.79523e-30
 3.27365e-20
 1.49128e-11
 1.50877e-07
-5.31604e-18
 6.57541e-30
-2.64332e-15
-4.81569e-10
-3.27231e-07
 6.57498e-19
-1.69144e-30
-2.18587e-19
 1.03646e-11
 1.58299e-07
-6.41791e-18
 -1.8631e-29
 1.45034e-14
-5.00566e-10
 7.15974e-07
 8.51851e-19
 3.50463e-30
 6.88214e-20
 1.16333e-11
 1.67339e-07
-7.06816e-18
-3.17771e-29
-2.81993e-14
-5.78081e-10
-7.10542e-07
 6.48548e-19
-8.10283e-30
 9.39677e-22
 1.33439e-11
  4.9634e-08
-6.87758e-18
 1.20556e-29
 3.51561e-14
 -9.8918e-10
-3.68209e-08
 3.51721e-19
-2.13804e-29
-1.36773e-18
 2.41584e-11
-6.50807e-08
-6.17598e-18
 5.47725e-30
-1.87731e-14
-2.08573e-09
 5.14445e-07
-5.76813e-20
-4.70514e-30
 3.09651e-18
 5.86954e-11
  1.0516e-07
-5.50951e-18
 2.08197e-29
 8.38469e-15
-3.86195e-09
-4.58603e-07
-6.41221e-19
-4.75495e-30
 -2.0573e-18
 1.18311e-10
 1.50712e-07
-5.21806e-18
-3.17777e-29
 -1.9168e-14
-5.53877e-09
 -3.5948e-07
-8.50462e-19
 -1.8425e-29
 -4.6084e-18
 1.74586e-10
 1.34538e-07
-5.36668e-18
  2.4109e-29
 1.96224e-14
-5.53455e-09
 -5.0436e-07
 4.79544e-21
 -4.0021e-29
  7.4117e-18
 1.74188e-10
 1.95617e-07
-5.74134e-18
-3.28641e-30
 -1.1518e-14
-3.32054e-09
 1.05557e-07
 2.14185e-18
 -2.2753e-29
 1.82966e-18
 1.02035e-10
 9.76725e-09
-6.06973e-18
-2.19421e-30
 1.72827e-14
-8.11421e-10
 9.09374e-08
 3.78433e-18
-2.71668e-29
-4.55817e-18
 2.29985e-11
 1.10945e-07
-6.32872e-18
 2.95876e-29
-6.19529e-15
-5.79171e-11
 2.47862e-07
 2.90208e-18
-5.74673e-29
-2.65525e-20
 3.42564e-12
 3.60296e-07
-6.59694e-18
-3.28756e-30
 6.96879e-15
-4.26863e-10
 2.62692e-07
 7.05463e-19
-3.48334e-29
-8.24004e-19
  1.7806e-11
 2.15611e-07
-6.80151e-18
-1.75302e-29
-8.65934e-15
-2.47312e-10
 -1.7209e-06
  2.9722e-19
-3.69145e-30
-1.49236e-18
 9.58758e-12
 1.36429e-07
-6.83419e-18
-1.53439e-29
-1.24038e-14
 2.34931e-10
 2.93943e-07
 2.19114e-18
 1.65631e-30
 5.82415e-19
-1.01295e-11
 5.83158e-08
-6.80242e-18
-3.61613e-29
 4.56864e-15
 2.18923e-10
 1.47265e-06
 3.17616e-18
-5.67411e-29
 9.13333e-19
-1.04811e-11
 9.72408e-08
-6.90384e-18
 1.53406e-29
 -8.4311e-15
 1.38353e-10
-1.17664e-06
  1.6637e-18
-7.59082e-29
 6.01129e-20
-3.10571e-12
 3.01531e-07
-6.96918e-18
 3.17813e-29
 1.67844e-14
 2.38571e-10
-5.90643e-07
 4.98507e-19
-3.44645e-29
 6.49006e-20
-9.36287e-13
 9.63804e-08
-6.65151e-18
  3.2841e-30
-5.60407e-15
 2.90077e-10
 4.47102e-08
 1.54878e-18
-2.35108e-29
 4.34402e-20
 1.91986e-12
 3.79515e-08
-6.15692e-18
-2.19344e-30
 6.76949e-15
 3.50732e-10
-1.45425e-07
 2.91229e-18
 -4.5651e-29
 6.32982e-19
 4.57546e-12
  2.4367e-07
-6.14695e-18
 1.31558e-29
 -3.1867e-15
 3.46595e-10
-2.74644e-07
 2.76344e-18
-4.09718e-29
-1.67981e-19
 2.75496e-12
 2.82028e-07
-6.81691e-18
-2.74004e-29
 5.28737e-15
 2.43888e-10
-8.31934e-07
 2.01266e-18
-3.66526e-29
-3.67142e-19
-1.11038e-12
 3.33604e-07
-7.47584e-18
-1.09624e-30
-4.93256e-16
  1.9157e-10
 3.33029e-07
 2.10415e-18
-2.74702e-29
-2.67874e-20
-3.60793e-12
 1.40943e-07
-7.39598e-18
 1.26021e-28
-2.58215e-16
 1.94102e-10
 3.07629e-07
 2.82951e-18
-5.92039e-29
 1.33203e-19
-3.29692e-12
 5.94269e-08
-6.79096e-18
 5.47311e-30
 3.59437e-15
 2.50271e-10
 -3.0531e-07
  3.6755e-18
-9.12734e-29
 3.89231e-19
 6.25321e-13
 2.52421e-07
-6.32469e-18
 1.12873e-28
 -2.7181e-14
 2.69941e-10
-3.47657e-08
 4.28664e-18
-4.04103e-29
 -2.1148e-19
 4.81424e-12
 1.25792e-07
-6.14378e-18
 -4.7777e-28
 1.66926e-14
 1.16619e-10
-5.41896e-07
 4.06966e-18
-1.13093e-29
-4.24309e-19
 2.72055e-12
 8.89597e-08
 -5.9804e-18
 2.34501e-28
-1.04742e-14
-1.14209e-10
-1.21774e-07
 3.28294e-18
-2.46932e-29
 2.95262e-19
-4.68075e-12
 1.89069e-07
-5.72818e-18
 5.04077e-29
 1.75811e-14
-2.79928e-10
 3.18804e-07
  2.7092e-18
-2.45563e-29
 1.69665e-19
-1.02733e-11
 1.35484e-07
-5.67655e-18
 6.68409e-29
-1.40446e-14
-3.78091e-10
-7.04485e-07
 2.69674e-18
-1.13919e-29
-1.66435e-19
-1.13677e-11
 1.58968e-07
-6.17062e-18
-1.34778e-28
 2.06297e-14
-4.51222e-10
-9.65984e-07
 3.31298e-18
-6.47228e-30
 3.89311e-19
-1.15125e-11
 2.00832e-07
-6.85428e-18
  4.0544e-28
 -2.7387e-14
-5.16784e-10
-9.65981e-08
 4.37512e-18
-7.35686e-30
-2.79865e-19
-1.52821e-11
  2.9136e-07
 -6.8499e-18
-7.28704e-28
 9.85002e-15
-5.37194e-10
 4.07429e-07
 5.38128e-18
-2.10466e-29
-5.12773e-19
-1.95337e-11
 2.74567e-07
-6.12244e-18
 4.59359e-28
 6.47246e-15
-3.98365e-10
 2.19948e-07
  5.6654e-18
-4.71759e-29
 7.07663e-19
 -1.3786e-11
  1.7206e-07
-5.61196e-18
 9.00757e-29
 1.21027e-14
-5.34526e-11
-5.31942e-07
 5.07398e-18
-3.15544e-29
 9.19335e-19
 4.29637e-12
 2.60063e-07
-5.64916e-18
-2.16968e-28
 -1.4807e-14
 2.96909e-10
-5.09743e-07
 4.30273e-18
-1.53262e-29
-2.72495e-19
 2.25621e-11
 1.55593e-07
-5.62928e-18
 3.38598e-28
-8.02933e-16
 4.32233e-10
 2.36124e-08
 3.71033e-18
 -2.9955e-29
-7.73774e-19
 2.92739e-11
-2.58937e-08
-5.40106e-18
-1.86284e-28
 1.83682e-14
 3.62316e-10
-5.85545e-07
 3.28276e-18
-1.59134e-29
-2.01493e-19
 2.47231e-11
 1.00946e-07
-5.51355e-18
-3.87911e-28
-2.08414e-14
 2.22574e-10
-2.67677e-07
 3.97518e-18
 2.93411e-30
 3.13872e-19
 1.53355e-11
 2.38942e-07
-6.05151e-18
 2.47213e-28
 1.11373e-14
 1.32654e-10
 2.85191e-08
 6.62244e-18
-1.57348e-31
 7.89527e-20
  5.1123e-12
 2.58177e-07
 -6.4866e-18
 2.17622e-28
-2.68291e-14
           0
           0
           0
           0
           0