-2.43749e-07
 6.77097e-08
 3.69968e-26
 3.80553e-06
 2.16068e-06
-1.40957e-26
-2.19546e-24
 2.66293e-06
          -0
          -0
-3.84482e-07
-3.26428e-07
-5.75854e-26
 3.88028e-06
-1.93176e-06
 -2.6608e-25
-2.20563e-24
  2.6546e-06
-1.69485e-25
-1.38844e-07
-5.19368e-07
-9.98829e-08
 6.14147e-27
 3.85707e-06
 6.82645e-07
-4.84137e-26
-2.23737e-24
  2.6833e-06
 -3.5955e-25
   6.171e-07
-6.29977e-07
-1.22204e-06
-3.43963e-26
 3.66239e-06
  1.6914e-06
 7.90741e-26
 -2.2794e-24
 2.67117e-06
-3.40905e-25
 -8.1913e-07
-7.08528e-07
-1.64001e-07
  -1.008e-25
 3.24553e-06
-2.99267e-06
-2.47954e-25
-2.32644e-24
 2.62009e-06
-4.43071e-25
-3.22669e-08
-7.59378e-07
 3.40525e-07
-8.27723e-26
  2.5492e-06
 2.75483e-06
 3.66246e-25
 -2.3753e-24
 2.62487e-06
-3.71363e-25
 1.11878e-07
-7.64205e-07
  -1.125e-06
 -1.4283e-25
 1.55831e-06
 -5.8817e-07
-1.15507e-25
-2.41077e-24
 2.55967e-06
-2.19821e-25
-1.19842e-06
-7.31571e-07
-3.61395e-07
-1.86588e-25
 3.00149e-07
-2.44318e-06
-3.01214e-25
-2.45227e-24
 2.52582e-06
-4.71711e-25
 6.34137e-07
-6.68849e-07
-1.12448e-07
-1.49202e-25
-1.22479e-06
 3.39862e-06
 4.46242e-25
-2.50359e-24
 2.56728e-06
-3.83731e-25
 5.69237e-08
-5.61861e-07
-5.95009e-07
-2.30218e-25
-2.98792e-06
-1.67601e-06
-2.66844e-25
-2.54314e-24
 2.51163e-06
-2.75339e-25
-9.84408e-07
-4.25957e-07
-2.76093e-07
-2.79585e-25
-4.97035e-06
-4.59999e-07
-6.27764e-26
-2.58813e-24
 2.47095e-06
-4.74524e-25
 3.06334e-07
-2.73031e-07
-4.61463e-07
-2.02446e-25
-7.16867e-06
 1.62942e-06
 4.22402e-25
-2.63203e-24
 2.46532e-06
-2.57138e-25
-4.00052e-07
-1.08981e-07
-4.60174e-07
-3.45147e-25
-9.48971e-06
-1.86438e-06
-4.55114e-25
-2.66407e-24
 2.42582e-06
-2.76854e-25
-2.58316e-07
 5.03024e-08
-3.89944e-07
-4.15054e-25
-1.17306e-05
 1.61464e-06
-5.56933e-26
 -2.7158e-24
 2.40389e-06
-5.85294e-25
-1.07308e-07
 1.99224e-07
-4.82311e-08
-2.41888e-25
-1.35544e-05
-7.36979e-07
 5.04186e-25
-2.76979e-24
  2.3592e-06
-3.14544e-25
-6.37387e-07
 3.26246e-07
-4.03321e-07
 -4.0453e-25
-1.45793e-05
-1.37538e-06
-1.26224e-25
-2.79383e-24
 2.35923e-06
-8.61633e-26
 6.37835e-07
 4.25898e-07
-1.01176e-06
-5.65156e-25
-1.45995e-05
  2.8745e-06
-4.78118e-25
-2.82604e-24
 2.38149e-06
-4.50669e-25
-2.66825e-07
 4.92385e-07
 1.84478e-07
-3.95714e-25
-1.37011e-05
-1.55433e-06
 2.16308e-25
-2.88961e-24
 2.30165e-06
-6.08902e-25
-1.06379e-06
 4.96624e-07
-1.52441e-07
-4.37838e-25
 -1.2297e-05
-7.74424e-07
 6.17067e-25
-2.93251e-24
 2.25831e-06
-1.06101e-25
  3.4141e-07
 4.22824e-07
-1.09855e-06
-6.18434e-25
-1.09955e-05
  1.5529e-06
-6.63181e-25
 -2.9469e-24
 2.27111e-06
 -1.3364e-25
-1.28117e-07
 2.66985e-07
 1.33428e-07
-6.17662e-25
-1.03145e-05
-1.45425e-06
-2.97803e-25
-2.99771e-24
 2.25216e-06
-7.13237e-25
-1.87786e-07
 3.08357e-08
-1.25685e-07
-5.26237e-25
-1.04598e-05
 1.19894e-06
 9.38391e-25
-3.06012e-24
 2.23887e-06
-3.26888e-25
-3.36726e-08
-2.60252e-07
-1.08005e-06
-5.92046e-25
-1.11679e-05
 1.54834e-07
-3.73724e-25
-3.07892e-24
 2.18585e-06
 1.35723e-26
-8.50011e-07
-5.85391e-07
-8.05522e-08
-7.59958e-25
-1.16871e-05
-1.91034e-06
-4.02972e-25
-3.10538e-24
 2.14734e-06
 -4.5469e-25
 2.08199e-07
-9.25494e-07
 2.26859e-07
-7.21759e-25
-1.09656e-05
 1.54374e-06
 3.55335e-25
-3.16165e-24
 2.18559e-06
-4.83128e-25
  4.2935e-07
-1.24892e-06
-9.84804e-07
-7.13413e-25
-7.98978e-06
 4.92981e-08
-1.24422e-25
-3.21127e-24
 2.17951e-06
-3.43826e-25
 -5.3077e-07
-1.53246e-06
-6.16508e-07
-7.84817e-25
-2.35331e-06
 3.37467e-07
 3.76039e-25
-3.24345e-24
 2.10183e-06
-1.92449e-25
-7.63797e-07
-1.74786e-06
 3.71376e-07
-8.18746e-25
 5.13547e-06
-6.29344e-07
-2.51978e-25
-3.26207e-24
 2.02072e-06
  -1.179e-25
-5.88012e-07
 -1.8449e-06
-7.63766e-07
-9.31922e-25
 1.22856e-05
-2.67738e-06
-5.40721e-25
-3.30484e-24
 2.06966e-06
-5.94995e-25
  1.4036e-06
-1.75141e-06
-6.36916e-07
 -8.5971e-25
 1.62025e-05
 4.91159e-06
 7.96881e-25
-3.36696e-24
 2.15739e-06
 -4.4028e-25
 5.85358e-08
-1.41985e-06
 2.30838e-07
-8.63173e-25
 1.49139e-05
-4.19512e-07
 -8.7933e-26
-3.39421e-24
 2.00211e-06
-1.39242e-26
-2.64647e-06
  -9.175e-07
 -5.5671e-07
-1.02877e-24
  8.9645e-06
-5.95933e-06
-4.29672e-25
-3.41459e-24
 1.91492e-06
-3.25764e-25
 1.19332e-06
-3.83974e-07
-2.22326e-07
-9.87361e-25
 1.55421e-06
 5.84822e-06
 3.73968e-25
-3.45565e-24
 2.06217e-06
-3.58558e-25
 1.26083e-06
 5.76964e-08
-4.98928e-07
-1.11785e-24
-3.21199e-06
-4.02097e-09
-2.89275e-25
-3.49563e-24
 2.00243e-06
-3.07691e-25
-2.25645e-06
 3.11409e-07
-5.75598e-07
-1.10522e-24
-3.09514e-06
 -4.6404e-06
 1.01902e-25
-3.53933e-24
 1.89931e-06
-4.20781e-25
 5.37757e-07
 3.86968e-07
 4.23633e-07
-9.40148e-25
 7.76508e-07
 4.75999e-06
 3.99167e-25
-3.57172e-24
 1.95956e-06
-1.18984e-25
 4.66316e-07
 3.96166e-07
-8.08602e-07
-1.28036e-24
 5.26995e-06
-1.91915e-06
-4.62786e-25
 -3.5883e-24
 1.91297e-06
-1.57287e-25
-1.24271e-06
 4.04454e-07
  -5.245e-07
-1.34689e-24
 7.98149e-06
-1.25818e-06
 -1.0705e-25
-3.62774e-24
 1.87849e-06
 -5.0002e-25
 6.68037e-07
 4.11212e-07
  8.8963e-08
-1.13542e-24
 8.72478e-06
  3.3929e-06
 4.43802e-25
-3.67558e-24
 1.88166e-06
-2.97454e-25
-6.15214e-07
 3.87965e-07
-7.21844e-07
-1.28614e-24
  8.7164e-06
-3.64426e-06
-8.12055e-27
-3.69557e-24
 1.81688e-06
 -3.5692e-26
-4.64483e-07
 3.05135e-07
 2.29651e-07
-1.35383e-24
 8.76396e-06
 1.14388e-06
-4.85725e-25
-3.71765e-24
 1.85133e-06
-3.32264e-25
  1.0386e-06
 1.84489e-07
-5.47677e-07
-1.40587e-24
 8.70081e-06
 1.78873e-06
 2.87525e-25
-3.76466e-24
 1.87022e-06
-4.51248e-25
-7.23649e-07
  5.4428e-08
-7.84262e-07
 -1.4789e-24
 8.16856e-06
-2.16119e-06
 5.32359e-25
-3.78927e-24
  1.7968e-06
 4.11456e-26
-5.00065e-07
-8.51163e-08
 2.94406e-07
-1.44923e-24
  7.2104e-06
 1.61655e-06
-7.06695e-25
-3.79061e-24
 1.75644e-06
-6.35973e-26
-1.72673e-07
-2.31709e-07
 -6.9558e-07
-1.49708e-24
 6.10565e-06
-2.37288e-06
-2.33234e-26
-3.82455e-24
 1.76296e-06
-5.02044e-25
 2.81385e-07
-3.76761e-07
-7.23532e-08
-1.51345e-24
 4.97919e-06
 1.10855e-06
 7.54562e-25
-3.85844e-24
 1.84229e-06
-6.27999e-26
 1.04081e-06
-4.94854e-07
-7.55128e-08
-1.62508e-24
  3.7927e-06
 3.80384e-06
-3.49276e-25
-3.85138e-24
 1.79024e-06
  1.8057e-25
-1.90838e-06
-5.78585e-07
-9.07513e-07
-1.69408e-24
 2.54423e-06
-6.71207e-06
-1.05765e-25
-3.84611e-24
 1.66594e-06
-9.27463e-26
-1.63179e-07
-6.40658e-07
 2.74792e-07
-1.61791e-24
 1.27274e-06
 3.22069e-06
 1.30136e-25
-3.85636e-24
 1.77212e-06
-7.81184e-26
  1.9328e-06
-6.66274e-07
 -7.7381e-07
-1.82599e-24
          -0
          -0
          -0
-3.86105e-24
 1.88809e-06
          -0
          -0